8 0.45703125 0.6275906735751295 0.025390625 0.06411917098445596
7 0.193359375 0.40414507772020725 0.0146484375 0.07318652849740932
8 0.47021484375 0.7098445595854922 0.04296875 0.042746113989637305
7 0.615234375 0.4520725388601036 0.0400390625 0.05764248704663212
13 0.244140625 0.7875647668393783 0.02392578125 0.02849740932642487
10 0.39697265625 0.47733160621761656 0.01220703125 0.033031088082901554
12 0.2685546875 0.38795336787564766 0.01416015625 0.04404145077720207
7 0.591796875 0.17033678756476683 0.01611328125 0.07189119170984457
7 0.65185546875 0.45077720207253885 0.052734375 0.02849740932642487
7 0.5498046875 0.11010362694300518 0.05224609375 0.02655440414507772
7 0.49267578125 0.133419689119171 0.048828125 0.04598445595854922
9 0.5791015625 0.280440414507772 0.01904296875 0.031088082901554404
6 0.40185546875 0.19106217616580312 0.01318359375 0.06347150259067358
13 0.4521484375 0.6573834196891192 0.015625 0.03367875647668394
4 0.326171875 0.8477979274611399 0.03955078125 0.021373056994818652
4 0.220703125 0.7998704663212435 0.0390625 0.019430051813471502
9 0.35205078125 0.483160621761658 0.0166015625 0.03173575129533679
4 0.5146484375 0.7027202072538861 0.0419921875 0.02655440414507772
11 0.6025390625 0.22150259067357514 0.013671875 0.03562176165803109
10 0.49560546875 0.4183937823834197 0.0224609375 0.027849740932642485
7 0.40087890625 0.697538860103627 0.05810546875 0.04015544041450777
8 0.23095703125 0.8685233160621761 0.04833984375 0.022020725388601035
13 0.58837890625 0.8426165803108808 0.01904296875 0.03626943005181347
13 0.41064453125 0.45466321243523317 0.0166015625 0.02266839378238342
5 0.705078125 0.727979274611399 0.0361328125 0.09196891191709844
12 0.1806640625 0.4332901554404145 0.015625 0.04145077720207254
11 0.435546875 0.13212435233160622 0.01806640625 0.029145077720207253
7 0.44287109375 0.7176165803108808 0.025390625 0.06217616580310881
3 0.44921875 0.10103626943005181 0.11962890625 0.023316062176165803
13 0.62255859375 0.8076424870466321 0.0302734375 0.02266839378238342
2 0.2763671875 0.7137305699481865 0.05322265625 0.021373056994818652
13 0.40234375 0.5051813471502591 0.02001953125 0.034974093264248704
0 0.51953125 0.13018134715025906 0.07666015625 0.040803108808290155
4 0.38134765625 0.1794041450777202 0.03271484375 0.044689119170984455
1 0.5703125 0.2979274611398964 0.02978515625 0.038860103626943004
11 0.5244140625 0.8717616580310881 0.0205078125 0.04145077720207254
11 0.5263671875 0.6936528497409327 0.03125 0.02655440414507772
0 0.5244140625 0.7215025906735751 0.07470703125 0.02266839378238342
9 0.6376953125 0.9009067357512953 0.02099609375 0.02849740932642487
2 0.4208984375 0.0822538860103627 0.0498046875 0.02266839378238342
1 0.365234375 0.42940414507772023 0.0263671875 0.038860103626943004
13 0.2333984375 0.6418393782383419 0.029296875 0.01878238341968912
1 0.56689453125 0.8607512953367875 0.0283203125 0.040803108808290155
2 0.22412109375 0.21437823834196892 0.05029296875 0.04987046632124352
1 0.44921875 0.8983160621761658 0.02392578125 0.03432642487046632
12 0.2021484375 0.4889896373056995 0.0322265625 0.023963730569948185
0 0.55712890625 0.12759067357512954 0.068359375 0.03432642487046632
2 0.619140625 0.40932642487046633 0.05029296875 0.04145077720207254
1 0.54443359375 0.8762953367875648 0.02978515625 0.03626943005181347
6 0.255859375 0.3121761658031088 0.02880859375 0.06541450777202072
9 0.25927734375 0.46049222797927464 0.0185546875 0.03367875647668394
3 0.3466796875 0.7215025906735751 0.0927734375 0.125
5 0.68701171875 0.5246113989637305 0.0732421875 0.03432642487046632
10 0.2685546875 0.02461139896373057 0.02001953125 0.029145077720207253
1 0.82568359375 0.45531088082901555 0.02880859375 0.03432642487046632
6 0.53271484375 0.08354922279792747 0.041015625 0.04598445595854922
0 0.4931640625 0.16126943005181346 0.06005859375 0.08549222797927461
0 0.25048828125 0.3626943005181347 0.02197265625 0.09974093264248704
2 0.7353515625 0.0822538860103627 0.05126953125 0.023963730569948185
11 0.2578125 0.7791450777202072 0.01904296875 0.04015544041450777
3 0.6171875 0.20725388601036268 0.03564453125 0.15479274611398963
6 0.69580078125 0.28821243523316065 0.03662109375 0.06088082901554404
2 0.30615234375 0.719559585492228 0.04052734375 0.056347150259067356
11 0.46533203125 0.13989637305699482 0.0185546875 0.03562176165803109
1 0.53271484375 0.9494818652849741 0.025390625 0.03562176165803109
11 0.61181640625 0.28303108808290156 0.02587890625 0.03562176165803109
0 0.208984375 0.6269430051813472 0.0380859375 0.09585492227979274
7 0.3095703125 0.8128238341968912 0.0224609375 0.06476683937823834
2 0.59375 0.9268134715025906 0.02783203125 0.06476683937823834
0 0.55224609375 0.4339378238341969 0.052734375 0.09132124352331607
2 0.36279296875 0.45595854922279794 0.052734375 0.02655440414507772
11 0.42041015625 0.22862694300518135 0.01953125 0.02655440414507772
0 0.30078125 0.689119170984456 0.07275390625 0.02461139896373057
11 0.54443359375 0.27914507772020725 0.01611328125 0.04015544041450777
1 0.43310546875 0.875 0.03564453125 0.042746113989637305
0 0.3603515625 0.1411917098445596 0.06982421875 0.05829015544041451
13 0.244140625 0.7130829015544041 0.021484375 0.03044041450777202
5 0.7861328125 0.7512953367875648 0.06005859375 0.06217616580310881
1 0.5654296875 0.24740932642487046 0.03125 0.040803108808290155
11 0.3349609375 0.7091968911917098 0.02099609375 0.03562176165803109
2 0.39697265625 0.38471502590673573 0.0439453125 0.05505181347150259
1 0.419921875 0.15220207253886012 0.03125 0.042746113989637305
2 0.17431640625 0.49805699481865284 0.0458984375 0.05310880829015544
7 0.26123046875 0.658678756476684 0.03271484375 0.06606217616580311
3 0.64306640625 0.7189119170984456 0.0478515625 0.15349740932642486
12 0.6982421875 0.7441709844559585 0.02490234375 0.03626943005181347
0 0.7177734375 0.052461139896373056 0.0595703125 0.06930051813471502
5 0.5263671875 0.7493523316062176 0.0751953125 0.042746113989637305
8 0.2236328125 0.37823834196891193 0.05224609375 0.04209844559585492
13 0.587890625 0.21696891191709844 0.03076171875 0.027849740932642485
13 0.541015625 0.711139896373057 0.02978515625 0.025259067357512953
10 0.37890625 0.7033678756476683 0.02685546875 0.033031088082901554