8 0.59619140625 0.5569948186528497 0.04833984375 0.03367875647668394
7 0.427734375 0.9067357512953368 0.05517578125 0.019430051813471502
8 0.658203125 0.5395077720207254 0.0322265625 0.05699481865284974
7 0.4638671875 0.3471502590673575 0.04345703125 0.05310880829015544
13 0.716796875 0.8393782383419689 0.021484375 0.03173575129533679
10 0.48291015625 0.6366580310880829 0.02490234375 0.016191709844559584
12 0.41552734375 0.8069948186528497 0.033203125 0.01878238341968912
7 0.25146484375 0.37823834196891193 0.05419921875 0.021373056994818652
7 0.462890625 0.29857512953367876 0.021484375 0.06994818652849741
7 0.2060546875 0.4339378238341969 0.02001953125 0.06930051813471502
7 0.2236328125 0.5097150259067358 0.03466796875 0.06476683937823834
9 0.33447265625 0.3950777202072539 0.0234375 0.025259067357512953
6 0.26708984375 0.6301813471502591 0.0478515625 0.017487046632124352
13 0.61865234375 0.5634715025906736 0.025390625 0.02072538860103627
4 0.76220703125 0.7305699481865285 0.01611328125 0.052461139896373056
4 0.72607421875 0.8704663212435233 0.0146484375 0.05181347150259067
9 0.4873046875 0.6962435233160622 0.02392578125 0.022020725388601035
4 0.65283203125 0.4805699481865285 0.02001953125 0.05569948186528497
11 0.2900390625 0.3639896373056995 0.02685546875 0.018134715025906734
10 0.4384765625 0.5058290155440415 0.02099609375 0.029792746113989636
7 0.64892578125 0.6314766839378239 0.0302734375 0.07707253886010362
8 0.77783203125 0.8568652849740933 0.0166015625 0.06411917098445596
13 0.75830078125 0.38277202072538863 0.02734375 0.025259067357512953
13 0.4658203125 0.6185233160621761 0.01708984375 0.022020725388601035
5 0.671875 0.22797927461139897 0.0693359375 0.04792746113989637
12 0.44970703125 0.9235751295336787 0.03125 0.02072538860103627
11 0.22265625 0.5854922279792746 0.02197265625 0.023963730569948185
7 0.6640625 0.5757772020725389 0.046875 0.03367875647668394
3 0.19921875 0.5673575129533679 0.017578125 0.15867875647668395
13 0.73193359375 0.33743523316062174 0.01708984375 0.04015544041450777
2 0.6611328125 0.7966321243523317 0.01611328125 0.0705958549222798
13 0.50390625 0.6295336787564767 0.0263671875 0.02655440414507772
0 0.22119140625 0.4740932642487047 0.03076171875 0.1016839378238342
4 0.25830078125 0.6573834196891192 0.03369140625 0.04339378238341969
1 0.34765625 0.4067357512953368 0.029296875 0.03950777202072539
11 0.7802734375 0.4676165803108808 0.03125 0.027202072538860103
11 0.64599609375 0.4650259067357513 0.02001953125 0.04145077720207254
0 0.6669921875 0.4676165803108808 0.01708984375 0.09909326424870467
9 0.80224609375 0.3173575129533679 0.021484375 0.027849740932642485
2 0.18505859375 0.6049222797927462 0.01708984375 0.06606217616580311
1 0.44677734375 0.6787564766839378 0.029296875 0.034974093264248704
13 0.60693359375 0.8536269430051814 0.01416015625 0.038860103626943004
1 0.77197265625 0.4112694300518135 0.03076171875 0.03756476683937824
2 0.28466796875 0.8659326424870466 0.03759765625 0.0667098445595855
1 0.80029296875 0.5673575129533679 0.02587890625 0.03173575129533679
12 0.49169921875 0.8950777202072538 0.01806640625 0.042746113989637305
0 0.21923828125 0.42422279792746115 0.02587890625 0.09067357512953368
2 0.431640625 0.34196891191709844 0.03125 0.0667098445595855
1 0.78369140625 0.4410621761658031 0.02734375 0.03950777202072539
6 0.3583984375 0.8238341968911918 0.04931640625 0.03821243523316062
9 0.47021484375 0.819300518134715 0.025390625 0.02461139896373057
3 0.6669921875 0.7033678756476683 0.09423828125 0.12305699481865284
5 0.5185546875 0.25194300518134716 0.02587890625 0.09715025906735751
10 0.1416015625 0.8069948186528497 0.02197265625 0.02655440414507772
1 0.46630859375 0.06800518134715026 0.02587890625 0.03821243523316062
6 0.18603515625 0.4566062176165803 0.03466796875 0.054404145077720206
0 0.24462890625 0.5090673575129534 0.064453125 0.07966321243523317
0 0.396484375 0.8309585492227979 0.0751953125 0.029145077720207253
2 0.18505859375 0.1878238341968912 0.01806640625 0.06800518134715026
11 0.71044921875 0.8212435233160622 0.0302734375 0.025259067357512953
3 0.279296875 0.344559585492228 0.11669921875 0.04727979274611399
6 0.34033203125 0.24028497409326424 0.0458984375 0.048575129533678756
2 0.66552734375 0.7571243523316062 0.04248046875 0.05375647668393782
11 0.228515625 0.5459844559585493 0.02685546875 0.02461139896373057
1 0.8388671875 0.4566062176165803 0.02685546875 0.03367875647668394
11 0.33642578125 0.35168393782383417 0.02685546875 0.03432642487046632
0 0.595703125 0.8860103626943006 0.072265625 0.050518134715025906
7 0.73583984375 0.7525906735751295 0.048828125 0.029792746113989636
2 0.82177734375 0.3756476683937824 0.048828125 0.036917098445595854
0 0.4501953125 0.43069948186528495 0.06884765625 0.06994818652849741
2 0.466796875 0.6819948186528497 0.02001953125 0.06994818652849741
11 0.29541015625 0.6055699481865285 0.02001953125 0.025906735751295335
0 0.642578125 0.7642487046632125 0.0185546875 0.09650259067357513
11 0.33349609375 0.4410621761658031 0.0302734375 0.021373056994818652
1 0.78271484375 0.5887305699481865 0.0322265625 0.04727979274611399
0 0.2294921875 0.6852331606217616 0.0439453125 0.09261658031088082
13 0.66064453125 0.8393782383419689 0.02294921875 0.02849740932642487
5 0.689453125 0.12046632124352331 0.046875 0.07966321243523317
1 0.3095703125 0.41321243523316065 0.03076171875 0.04145077720207254
11 0.65771484375 0.7189119170984456 0.02685546875 0.027849740932642485
2 0.4130859375 0.6366580310880829 0.04150390625 0.05829015544041451
1 0.23779296875 0.6062176165803109 0.0322265625 0.04145077720207254
2 0.49853515625 0.9319948186528497 0.0400390625 0.06088082901554404
7 0.61962890625 0.8167098445595855 0.0498046875 0.04339378238341969
3 0.6650390625 0.31023316062176165 0.11572265625 0.06347150259067358
12 0.68408203125 0.23704663212435234 0.02734375 0.033031088082901554
0 0.16259765625 0.211139896373057 0.05224609375 0.07901554404145078
5 0.68798828125 0.4650259067357513 0.0322265625 0.09974093264248704
8 0.408203125 0.866580310880829 0.03173828125 0.06930051813471502
13 0.28662109375 0.38341968911917096 0.02099609375 0.040803108808290155
13 0.6591796875 0.44559585492227977 0.01904296875 0.03950777202072539
10 0.6533203125 0.6606217616580311 0.02490234375 0.03562176165803109