12 0.42919921875 0.3626943005181347 0.01953125 0.04209844559585492
7 0.3837890625 0.48639896373056996 0.05224609375 0.04339378238341969
13 0.2509765625 0.5816062176165803 0.02880859375 0.019430051813471502
4 0.22900390625 0.3950777202072539 0.0400390625 0.02461139896373057
13 0.513671875 0.5265544041450777 0.029296875 0.031088082901554404
13 0.66259765625 0.9145077720207254 0.01806640625 0.04598445595854922
10 0.52099609375 0.7674870466321243 0.02490234375 0.019430051813471502
7 0.55859375 0.5136010362694301 0.05419921875 0.020077720207253884
12 0.603515625 0.6055699481865285 0.029296875 0.04145077720207254
7 0.60498046875 0.23769430051813473 0.05224609375 0.022020725388601035
7 0.48291015625 0.4481865284974093 0.04638671875 0.054404145077720206
4 0.39404296875 0.5466321243523317 0.0166015625 0.056347150259067356
5 0.64111328125 0.5990932642487047 0.07421875 0.03044041450777202
11 0.55615234375 0.4520725388601036 0.02392578125 0.04339378238341969
9 0.7001953125 0.3160621761658031 0.021484375 0.03173575129533679
13 0.544921875 0.42810880829015546 0.01806640625 0.036917098445595854
13 0.55712890625 0.5446891191709845 0.02685546875 0.027849740932642485
9 0.6845703125 0.48575129533678757 0.01708984375 0.02266839378238342
8 0.80517578125 0.569300518134715 0.04541015625 0.029792746113989636
10 0.78857421875 0.39896373056994816 0.02197265625 0.029792746113989636
7 0.42919921875 0.9818652849740933 0.0517578125 0.02266839378238342
4 0.7822265625 0.15090673575129535 0.01708984375 0.05116580310880829
5 0.3857421875 0.22020725388601037 0.07666015625 0.017487046632124352
13 0.67578125 0.6502590673575129 0.02490234375 0.025906735751295335
10 0.4765625 0.35751295336787564 0.015625 0.03626943005181347
5 0.697265625 0.9041450777202072 0.06982421875 0.03044041450777202
7 0.67138671875 0.5051813471502591 0.01953125 0.07383419689119171
7 0.603515625 0.5893782383419689 0.03369140625 0.06865284974093264
0 0.515625 0.38212435233160624 0.01806640625 0.10427461139896373
9 0.71484375 0.7189119170984456 0.0224609375 0.023963730569948185
4 0.6337890625 0.23639896373056996 0.037109375 0.03562176165803109
1 0.70166015625 0.1489637305699482 0.02490234375 0.03432642487046632
3 0.572265625 0.25194300518134716 0.115234375 0.0900259067357513
13 0.44287109375 0.7869170984455959 0.0263671875 0.029145077720207253
3 0.287109375 0.5731865284974094 0.0595703125 0.2033678756476684
11 0.49609375 0.38406735751295334 0.02978515625 0.027849740932642485
11 0.51416015625 0.542098445595855 0.0302734375 0.02266839378238342
11 0.7470703125 0.26878238341968913 0.029296875 0.025259067357512953
0 0.22802734375 0.469559585492228 0.0732421875 0.02266839378238342
2 0.5595703125 0.49093264248704666 0.05224609375 0.02461139896373057
7 0.5703125 0.45012953367875647 0.03662109375 0.05958549222797927
8 0.77734375 0.17746113989637305 0.0302734375 0.0667098445595855
2 0.49755859375 0.9812176165803109 0.03857421875 0.029792746113989636
6 0.68896484375 0.8575129533678757 0.0478515625 0.03432642487046632
11 0.25146484375 0.5265544041450777 0.0263671875 0.034974093264248704
1 0.35888671875 0.2422279792746114 0.0302734375 0.03432642487046632
1 0.50732421875 0.45142487046632124 0.02978515625 0.038860103626943004
0 0.72998046875 0.23639896373056996 0.0712890625 0.03044041450777202
2 0.3212890625 0.6826424870466321 0.05126953125 0.040803108808290155
6 0.67236328125 0.7396373056994818 0.05029296875 0.023963730569948185
11 0.55078125 0.3335492227979275 0.02099609375 0.042746113989637305
0 0.373046875 0.5369170984455959 0.0322265625 0.10816062176165803
10 0.42041015625 0.3231865284974093 0.0185546875 0.034974093264248704
1 0.31591796875 0.4585492227979275 0.02587890625 0.03626943005181347
1 0.32275390625 0.25323834196891193 0.0322265625 0.03562176165803109
0 0.48486328125 0.4799222797927461 0.0673828125 0.06735751295336788
6 0.310546875 0.5310880829015544 0.0439453125 0.04792746113989637
1 0.58642578125 0.8238341968911918 0.03369140625 0.044689119170984455
2 0.70556640625 0.125 0.03759765625 0.05505181347150259
11 0.40185546875 0.4579015544041451 0.029296875 0.029145077720207253
5 0.39306640625 0.7124352331606217 0.0732421875 0.03756476683937824
11 0.29541015625 0.22344559585492227 0.01953125 0.02461139896373057
2 0.6806640625 0.14507772020725387 0.02392578125 0.06930051813471502
0 0.50048828125 0.9624352331606217 0.064453125 0.06411917098445596
0 0.26171875 0.20595854922279794 0.07666015625 0.021373056994818652
1 0.33447265625 0.7577720207253886 0.03466796875 0.04792746113989637
3 0.759765625 0.18847150259067358 0.119140625 0.027849740932642485
2 0.5 0.3160621761658031 0.05078125 0.034974093264248704
0 0.5673828125 0.9520725388601037 0.0703125 0.04209844559585492
1 0.2783203125 0.8115284974093264 0.03369140625 0.044689119170984455
2 0.166015625 0.9702072538860104 0.046875 0.02266839378238342
0 0.64794921875 0.8924870466321243 0.0517578125 0.08743523316062177
9 0.28662109375 0.5207253886010362 0.01806640625 0.027849740932642485
3 0.35595703125 0.6819948186528497 0.11376953125 0.07642487046632124
11 0.25732421875 0.24352331606217617 0.025390625 0.03367875647668394
1 0.2216796875 0.42487046632124353 0.02978515625 0.04209844559585492
2 0.173828125 0.5161917098445595 0.04833984375 0.033031088082901554
11 0.271484375 0.6016839378238342 0.01806640625 0.03756476683937824
2 0.8134765625 0.8607512953367875 0.0185546875 0.06282383419689119
1 0.326171875 0.5835492227979274 0.02685546875 0.03950777202072539
2 0.5546875 0.9235751295336787 0.0478515625 0.03950777202072539
0 0.70263671875 0.48186528497409326 0.06640625 0.06606217616580311
8 0.59033203125 0.2778497409326425 0.05029296875 0.05764248704663212
8 0.71240234375 0.25194300518134716 0.03369140625 0.06411917098445596
13 0.56640625 0.5278497409326425 0.02880859375 0.020077720207253884
13 0.50732421875 0.42422279792746115 0.01611328125 0.03238341968911917
12 0.34326171875 0.5654145077720207 0.03369140625 0.029792746113989636
6 0.26513671875 0.5569948186528497 0.048828125 0.038860103626943004
7 0.681640625 0.9080310880829016 0.05078125 0.03367875647668394
13 0.2724609375 0.46567357512953367 0.01953125 0.025259067357512953
12 0.56787109375 0.4734455958549223 0.0185546875 0.02461139896373057