7 0.5947265625 0.7545336787564767 0.01416015625 0.07253886010362694
9 0.72314453125 0.40479274611398963 0.0224609375 0.027202072538860103
10 0.73828125 0.49222797927461137 0.02099609375 0.031088082901554404
7 0.3193359375 0.4417098445595855 0.0498046875 0.03756476683937824
8 0.41455078125 0.7428756476683938 0.05029296875 0.021373056994818652
11 0.40771484375 0.32059585492227977 0.01953125 0.044689119170984455
4 0.419921875 0.32059585492227977 0.0185546875 0.05310880829015544
13 0.51171875 0.3121761658031088 0.02587890625 0.033031088082901554
9 0.7333984375 0.3283678756476684 0.02001953125 0.029145077720207253
8 0.65185546875 0.8069948186528497 0.05078125 0.019430051813471502
10 0.5693359375 0.5090673575129534 0.0263671875 0.023963730569948185
10 0.3095703125 0.5783678756476683 0.0234375 0.027202072538860103
12 0.4619140625 0.4268134715025907 0.0263671875 0.034974093264248704
5 0.60595703125 0.163860103626943 0.07568359375 0.019430051813471502
4 0.322265625 0.6126943005181347 0.01904296875 0.05310880829015544
13 0.44970703125 0.37629533678756477 0.01904296875 0.03238341968911917
7 0.50146484375 0.5699481865284974 0.05126953125 0.03950777202072539
12 0.701171875 0.2610103626943005 0.02099609375 0.04015544041450777
7 0.38525390625 0.36139896373056996 0.03564453125 0.06023316062176166
1 0.4658203125 0.38795336787564766 0.02685546875 0.04598445595854922
13 0.396484375 0.5712435233160622 0.02587890625 0.027202072538860103
4 0.70751953125 0.3180051813471503 0.0224609375 0.05116580310880829
13 0.64599609375 0.28886010362694303 0.02294921875 0.03367875647668394
13 0.71630859375 0.27461139896373055 0.017578125 0.04209844559585492
8 0.55615234375 0.5272020725388601 0.0498046875 0.025259067357512953
13 0.205078125 0.24352331606217617 0.0224609375 0.027849740932642485
5 0.634765625 0.14378238341968913 0.072265625 0.021373056994818652
13 0.49853515625 0.7817357512953368 0.0283203125 0.02072538860103627
5 0.44775390625 0.16709844559585493 0.06298828125 0.06994818652849741
13 0.35693359375 0.7305699481865285 0.02490234375 0.02655440414507772
7 0.72607421875 0.27266839378238344 0.0166015625 0.07189119170984457
7 0.71630859375 0.46632124352331605 0.0498046875 0.04404145077720207
7 0.6806640625 0.5718911917098446 0.0146484375 0.07772020725388601
13 0.2412109375 0.5971502590673575 0.0166015625 0.03950777202072539
12 0.2763671875 0.5459844559585493 0.0302734375 0.02266839378238342
11 0.466796875 0.9462435233160622 0.02587890625 0.034974093264248704
13 0.68359375 0.5207253886010362 0.025390625 0.029792746113989636
10 0.59765625 0.17616580310880828 0.025390625 0.01878238341968912
6 0.7099609375 0.7474093264248705 0.05029296875 0.03173575129533679
0 0.248046875 0.9533678756476683 0.01904296875 0.08678756476683938
11 0.6044921875 0.5498704663212435 0.0283203125 0.03173575129533679
11 0.5283203125 0.36658031088082904 0.02099609375 0.03950777202072539
6 0.55712890625 0.711139896373057 0.0517578125 0.025906735751295335
1 0.36962890625 0.163860103626943 0.0263671875 0.040803108808290155
1 0.70654296875 0.14637305699481865 0.02490234375 0.038860103626943004
0 0.7490234375 0.29987046632124353 0.06884765625 0.05699481865284974
1 0.49462890625 0.15025906735751296 0.02978515625 0.034974093264248704
1 0.7900390625 0.19753886010362695 0.0244140625 0.03432642487046632
6 0.7333984375 0.8089378238341969 0.03564453125 0.05829015544041451
2 0.294921875 0.5194300518134715 0.04150390625 0.05310880829015544
0 0.73388671875 0.9339378238341969 0.07080078125 0.023963730569948185
0 0.44384765625 0.9319948186528497 0.0732421875 0.04209844559585492
2 0.79833984375 0.5686528497409327 0.05029296875 0.03238341968911917
0 0.787109375 0.6360103626943006 0.072265625 0.036917098445595854
2 0.65771484375 0.5757772020725389 0.03759765625 0.06411917098445596
1 0.501953125 0.21308290155440415 0.025390625 0.03756476683937824
0 0.28759765625 0.41580310880829013 0.01708984375 0.10233160621761658
9 0.4716796875 0.7066062176165803 0.02099609375 0.02849740932642487
11 0.626953125 0.6036269430051814 0.0283203125 0.023963730569948185
0 0.359375 0.39766839378238344 0.078125 0.019430051813471502
1 0.38671875 0.2920984455958549 0.03173828125 0.03821243523316062
0 0.494140625 0.38277202072538863 0.0390625 0.09261658031088082
1 0.31689453125 0.41968911917098445 0.02783203125 0.03626943005181347
11 0.30859375 0.6599740932642487 0.02490234375 0.03562176165803109
2 0.23583984375 0.5226683937823834 0.01708984375 0.06476683937823834
3 0.765625 0.7739637305699482 0.11669921875 0.027202072538860103
2 0.49755859375 0.29080310880829013 0.0458984375 0.04922279792746114
7 0.2470703125 0.6405440414507773 0.015625 0.07577720207253887
2 0.572265625 0.20984455958549222 0.02001953125 0.06735751295336788
2 0.61376953125 0.9203367875647669 0.05029296875 0.04339378238341969
2 0.46337890625 0.7616580310880829 0.04833984375 0.03562176165803109
1 0.53271484375 0.1645077720207254 0.0302734375 0.042746113989637305
11 0.40380859375 0.5479274611398963 0.02880859375 0.02849740932642487
3 0.7724609375 0.5744818652849741 0.08935546875 0.12694300518134716
11 0.24267578125 0.211139896373057 0.0283203125 0.027849740932642485
0 0.31201171875 0.5654145077720207 0.0615234375 0.07772020725388601
2 0.2509765625 0.7784974093264249 0.0419921875 0.06282383419689119
1 0.16357421875 0.3024611398963731 0.03515625 0.052461139896373056
11 0.45947265625 0.5479274611398963 0.02783203125 0.033031088082901554
2 0.6884765625 0.8756476683937824 0.0400390625 0.056347150259067356
11 0.7177734375 0.37759067357512954 0.02978515625 0.033031088082901554
0 0.4736328125 0.33743523316062174 0.07958984375 0.05375647668393782
3 0.68701171875 0.6198186528497409 0.08642578125 0.13147668393782383
6 0.43994140625 0.33743523316062174 0.04736328125 0.04209844559585492
3 0.318359375 0.1716321243523316 0.0888671875 0.11528497409326424
8 0.607421875 0.5919689119170984 0.02392578125 0.0744818652849741
4 0.76513671875 0.28950777202072536 0.02001953125 0.05375647668393782
5 0.62841796875 0.7843264248704663 0.07958984375 0.025906735751295335
7 0.66796875 0.7927461139896373 0.06103515625 0.02849740932642487
12 0.46337890625 0.41321243523316065 0.03662109375 0.029792746113989636
7 0.5029296875 0.33419689119170987 0.0537109375 0.03821243523316062
9 0.16015625 0.2927461139896373 0.0205078125 0.027849740932642485