13 0.48583984375 0.5356217616580311 0.0166015625 0.036917098445595854
8 0.3251953125 0.11269430051813471 0.03271484375 0.052461139896373056
8 0.6259765625 0.9073834196891192 0.013671875 0.06541450777202072
11 0.3671875 0.7104922279792746 0.02880859375 0.018134715025906734
9 0.15966796875 0.15090673575129535 0.01806640625 0.031088082901554404
13 0.38232421875 0.7538860103626943 0.0166015625 0.03626943005181347
8 0.20458984375 0.36528497409326427 0.01611328125 0.0667098445595855
7 0.72021484375 0.45012953367875647 0.025390625 0.06994818652849741
12 0.28369140625 0.13601036269430053 0.029296875 0.031088082901554404
7 0.380859375 0.7312176165803109 0.0556640625 0.031088082901554404
10 0.69775390625 0.8711139896373057 0.02099609375 0.029792746113989636
12 0.38330078125 0.6651554404145078 0.0361328125 0.023316062176165803
10 0.3154296875 0.20919689119170984 0.01416015625 0.03432642487046632
13 0.25 0.23056994818652848 0.021484375 0.03238341968911917
7 0.59814453125 0.2707253886010363 0.02099609375 0.0705958549222798
4 0.763671875 0.41256476683937826 0.02783203125 0.044689119170984455
6 0.3017578125 0.16645077720207255 0.015625 0.06088082901554404
3 0.7021484375 0.7422279792746114 0.03466796875 0.1567357512953368
12 0.265625 0.8283678756476683 0.02685546875 0.03044041450777202
7 0.46435546875 0.40867875647668395 0.0390625 0.06088082901554404
7 0.27880859375 0.6813471502590673 0.01416015625 0.07577720207253887
6 0.3642578125 0.0977979274611399 0.0478515625 0.04339378238341969
5 0.44873046875 0.6800518134715026 0.0283203125 0.09520725388601037
2 0.16064453125 0.8134715025906736 0.02783203125 0.06800518134715026
5 0.5830078125 0.7661917098445595 0.03369140625 0.09650259067357513
7 0.14599609375 0.30440414507772023 0.04296875 0.03626943005181347
1 0.7685546875 0.3646373056994819 0.0322265625 0.048575129533678756
13 0.40576171875 0.6405440414507773 0.029296875 0.025906735751295335
4 0.27685546875 0.1645077720207254 0.02880859375 0.04404145077720207
1 0.2529296875 0.7487046632124352 0.01953125 0.033031088082901554
7 0.40771484375 0.852979274611399 0.0537109375 0.029145077720207253
3 0.18115234375 0.75 0.10888671875 0.02266839378238342
1 0.36474609375 0.8303108808290155 0.033203125 0.04533678756476684
2 0.3671875 0.12953367875647667 0.0498046875 0.023963730569948185
11 0.43017578125 0.75 0.0205078125 0.03821243523316062
1 0.68359375 0.3601036269430052 0.029296875 0.03950777202072539
10 0.70361328125 0.3231865284974093 0.021484375 0.03432642487046632
6 0.4072265625 0.6230569948186528 0.03662109375 0.05699481865284974
13 0.5634765625 0.3380829015544041 0.02587890625 0.025906735751295335
7 0.525390625 0.08354922279792747 0.0166015625 0.06735751295336788
1 0.66259765625 0.17357512953367876 0.02685546875 0.03562176165803109
1 0.8369140625 0.4378238341968912 0.0283203125 0.03432642487046632
0 0.37255859375 0.6897668393782384 0.080078125 0.023963730569948185
13 0.40966796875 0.07124352331606218 0.01708984375 0.034974093264248704
1 0.75634765625 0.49028497409326427 0.02587890625 0.03432642487046632
2 0.71826171875 0.5097150259067358 0.04345703125 0.05569948186528497
0 0.52392578125 0.3121761658031088 0.07861328125 0.023316062176165803
8 0.44921875 0.25259067357512954 0.02197265625 0.06217616580310881
11 0.64208984375 0.5880829015544041 0.03173828125 0.02655440414507772
1 0.4453125 0.1016839378238342 0.02587890625 0.03626943005181347
6 0.49560546875 0.3743523316062176 0.01953125 0.06994818652849741
5 0.720703125 0.5550518134715026 0.037109375 0.09196891191709844
11 0.45751953125 0.8510362694300518 0.0244140625 0.034974093264248704
4 0.32763671875 0.18588082901554404 0.01318359375 0.05181347150259067
11 0.75244140625 0.8873056994818653 0.03125 0.027849740932642485
2 0.66259765625 0.14766839378238342 0.05078125 0.02461139896373057
0 0.26708984375 0.6353626943005182 0.01611328125 0.1016839378238342
0 0.66943359375 0.8018134715025906 0.0576171875 0.07642487046632124
9 0.62109375 0.8367875647668394 0.01904296875 0.03238341968911917
0 0.48095703125 0.3238341968911917 0.02392578125 0.10103626943005181
11 0.607421875 0.8827720207253886 0.02294921875 0.03626943005181347
1 0.783203125 0.5621761658031088 0.03173828125 0.04209844559585492
0 0.6328125 0.5537564766839378 0.03759765625 0.09844559585492228
0 0.4091796875 0.8335492227979274 0.07470703125 0.04533678756476684
11 0.521484375 0.7046632124352331 0.0244140625 0.03950777202072539
4 0.58447265625 0.7266839378238342 0.0361328125 0.04339378238341969
2 0.15185546875 0.8354922279792746 0.02783203125 0.06347150259067358
0 0.2255859375 0.4650259067357513 0.0283203125 0.09715025906735751
11 0.64501953125 0.8542746113989638 0.0224609375 0.03562176165803109
11 0.28369140625 0.7726683937823834 0.0224609375 0.036917098445595854
0 0.73046875 0.6955958549222798 0.02880859375 0.0977979274611399
5 0.4794921875 0.211139896373057 0.0478515625 0.086139896373057
0 0.6650390625 0.7331606217616581 0.07080078125 0.05699481865284974
3 0.72265625 0.40349740932642486 0.060546875 0.15544041450777202
7 0.5029296875 0.5395077720207254 0.03076171875 0.06865284974093264
2 0.21142578125 0.12370466321243523 0.046875 0.02849740932642487
1 0.33447265625 0.05505181347150259 0.03125 0.046632124352331605
11 0.22802734375 0.9034974093264249 0.029296875 0.02849740932642487
2 0.2431640625 0.8309585492227979 0.0302734375 0.06476683937823834
2 0.28271484375 0.22344559585492227 0.03173828125 0.06411917098445596
2 0.70751953125 0.23510362694300518 0.05078125 0.03238341968911917
2 0.4970703125 0.8782383419689119 0.033203125 0.07124352331606218
3 0.30322265625 0.8931347150259067 0.0556640625 0.1489637305699482
10 0.671875 0.23121761658031087 0.01953125 0.03821243523316062
13 0.62890625 0.19430051813471502 0.0263671875 0.038860103626943004
7 0.46533203125 0.42487046632124353 0.04931640625 0.06088082901554404
9 0.30810546875 0.13536269430051814 0.02099609375 0.031088082901554404
13 0.423828125 0.5965025906735751 0.033203125 0.03756476683937824
9 0.50537109375 0.9151554404145078 0.0263671875 0.031088082901554404
13 0.634765625 0.6042746113989638 0.02978515625 0.03562176165803109
13 0.6689453125 0.7772020725388601 0.02685546875 0.034974093264248704
12 0.68994140625 0.7286269430051814 0.0322265625 0.031088082901554404