10 0.37353515625 0.8775906735751295 0.02490234375 0.031088082901554404
13 0.4931640625 0.7661917098445595 0.0166015625 0.038860103626943004
12 0.666015625 0.788860103626943 0.015625 0.04404145077720207
5 0.396484375 0.5906735751295337 0.04345703125 0.0900259067357513
9 0.21826171875 0.3426165803108808 0.0166015625 0.02849740932642487
5 0.7060546875 0.47474093264248707 0.07666015625 0.03626943005181347
13 0.28857421875 0.6839378238341969 0.0263671875 0.022020725388601035
13 0.20703125 0.3542746113989637 0.0244140625 0.03367875647668394
8 0.37548828125 0.8490932642487047 0.05029296875 0.02849740932642487
10 0.4208984375 0.21308290155440415 0.02001953125 0.03562176165803109
13 0.24365234375 0.8115284974093264 0.01708984375 0.03821243523316062
13 0.6181640625 0.38471502590673573 0.03369140625 0.021373056994818652
13 0.701171875 0.49676165803108807 0.0234375 0.03950777202072539
12 0.30517578125 0.7726683937823834 0.02001953125 0.04145077720207254
12 0.4423828125 0.7344559585492227 0.02978515625 0.02655440414507772
13 0.619140625 0.40867875647668395 0.0224609375 0.03238341968911917
8 0.791015625 0.3873056994818653 0.04833984375 0.027849740932642485
4 0.71435546875 0.4637305699481865 0.04052734375 0.02072538860103627
9 0.81201171875 0.49158031088082904 0.02294921875 0.031088082901554404
8 0.45263671875 0.832901554404145 0.0498046875 0.023963730569948185
13 0.44140625 0.45466321243523317 0.02197265625 0.034974093264248704
11 0.68896484375 0.772020725388601 0.0185546875 0.03626943005181347
5 0.66650390625 0.5990932642487047 0.0166015625 0.10427461139896373
10 0.7802734375 0.23898963730569947 0.02587890625 0.018134715025906734
4 0.57373046875 0.23639896373056996 0.02197265625 0.056347150259067356
7 0.46533203125 0.4721502590673575 0.05908203125 0.027849740932642485
7 0.58251953125 0.6593264248704663 0.0537109375 0.031088082901554404
11 0.68115234375 0.8031088082901554 0.0234375 0.033031088082901554
6 0.44091796875 0.7972797927461139 0.05078125 0.03626943005181347
10 0.591796875 0.2862694300518135 0.01904296875 0.03432642487046632
11 0.78076171875 0.40867875647668395 0.02880859375 0.023963730569948185
7 0.70849609375 0.24740932642487046 0.05126953125 0.04533678756476684
4 0.3056640625 0.3698186528497409 0.03857421875 0.017487046632124352
7 0.58544921875 0.27266839378238344 0.025390625 0.07189119170984457
9 0.19482421875 0.7778497409326425 0.0224609375 0.02461139896373057
0 0.857421875 0.8374352331606217 0.0185546875 0.09715025906735751
4 0.3515625 0.8659326424870466 0.0322265625 0.04209844559585492
1 0.2890625 0.14572538860103626 0.03125 0.04015544041450777
7 0.64697265625 0.25323834196891193 0.033203125 0.052461139896373056
7 0.47119140625 0.8082901554404145 0.05810546875 0.022020725388601035
7 0.16455078125 0.3128238341968912 0.0400390625 0.05181347150259067
1 0.66064453125 0.22150259067357514 0.0341796875 0.04404145077720207
0 0.19287109375 0.35751295336787564 0.0654296875 0.05699481865284974
1 0.298828125 0.2182642487046632 0.02734375 0.03367875647668394
11 0.71044921875 0.7914507772020726 0.0263671875 0.02655440414507772
0 0.72998046875 0.7946891191709845 0.01806640625 0.09909326424870467
7 0.4306640625 0.5531088082901554 0.04052734375 0.06282383419689119
11 0.7734375 0.26813471502590674 0.0205078125 0.042746113989637305
11 0.78173828125 0.3594559585492228 0.02783203125 0.04015544041450777
11 0.67431640625 0.7253886010362695 0.02880859375 0.02655440414507772
6 0.2607421875 0.7933937823834197 0.03466796875 0.05958549222797927
12 0.58642578125 0.20725388601036268 0.02197265625 0.03950777202072539
3 0.7177734375 0.42033678756476683 0.09521484375 0.12629533678756477
2 0.22314453125 0.4119170984455959 0.0361328125 0.06217616580310881
1 0.33935546875 0.2610103626943005 0.02587890625 0.042746113989637305
7 0.63330078125 0.586139896373057 0.0478515625 0.05569948186528497
2 0.83251953125 0.8866580310880829 0.015625 0.06282383419689119
0 0.6455078125 0.43911917098445596 0.06396484375 0.09585492227979274
8 0.49365234375 0.792098445595855 0.04443359375 0.044689119170984455
1 0.49267578125 0.13989637305699482 0.03369140625 0.034974093264248704
0 0.28271484375 0.7636010362694301 0.0419921875 0.08937823834196891
0 0.3955078125 0.4689119170984456 0.0234375 0.1016839378238342
2 0.71826171875 0.8898963730569949 0.04296875 0.052461139896373056
1 0.6923828125 0.8335492227979274 0.0234375 0.03238341968911917
0 0.26171875 0.8775906735751295 0.07373046875 0.03626943005181347
0 0.6357421875 0.5699481865284974 0.0654296875 0.0667098445595855
2 0.49560546875 0.9436528497409327 0.0380859375 0.06282383419689119
6 0.24267578125 0.17681347150259066 0.0478515625 0.029792746113989636
11 0.6298828125 0.36139896373056996 0.02685546875 0.036917098445595854
2 0.51904296875 0.3076424870466321 0.0498046875 0.04598445595854922
3 0.69677734375 0.3484455958549223 0.0859375 0.13212435233160622
1 0.46875 0.4119170984455959 0.03271484375 0.040803108808290155
2 0.2392578125 0.28756476683937826 0.03759765625 0.05893782383419689
0 0.73583984375 0.27266839378238344 0.06787109375 0.056347150259067356
3 0.22900390625 0.8516839378238342 0.09228515625 0.1055699481865285
11 0.57861328125 0.5181347150259067 0.02587890625 0.03626943005181347
6 0.22265625 0.6845854922279793 0.0439453125 0.04598445595854922
2 0.63037109375 0.6949481865284974 0.04638671875 0.04598445595854922
11 0.6416015625 0.6690414507772021 0.02880859375 0.03562176165803109
1 0.73779296875 0.8821243523316062 0.03271484375 0.04145077720207254
2 0.828125 0.582901554404145 0.04833984375 0.044689119170984455
1 0.58935546875 0.12888601036269431 0.03369140625 0.04339378238341969
1 0.41357421875 0.8484455958549223 0.03369140625 0.04598445595854922
0 0.26318359375 0.39896373056994816 0.06396484375 0.0705958549222798
7 0.28173828125 0.5518134715025906 0.04541015625 0.04987046632124352
2 0.2275390625 0.805699481865285 0.029296875 0.06541450777202072
2 0.23974609375 0.3432642487046632 0.037109375 0.05764248704663212
3 0.49169921875 0.25259067357512954 0.1220703125 0.023316062176165803
5 0.4501953125 0.5485751295336787 0.01708984375 0.11269430051813471
9 0.77685546875 0.36658031088082904 0.02001953125 0.03367875647668394
13 0.6591796875 0.2778497409326425 0.0341796875 0.03044041450777202
13 0.427734375 0.7623056994818653 0.0263671875 0.027202072538860103