9 0.64697265625 0.5764248704663213 0.01904296875 0.03044041450777202
12 0.79248046875 0.43588082901554404 0.01220703125 0.04404145077720207
13 0.46240234375 0.4417098445595855 0.0244140625 0.029792746113989636
13 0.396484375 0.22150259067357514 0.02392578125 0.03044041450777202
7 0.78564453125 0.36593264248704666 0.02685546875 0.06476683937823834
13 0.67041015625 0.4734455958549223 0.02734375 0.02655440414507772
10 0.751953125 0.6528497409326425 0.02001953125 0.03173575129533679
9 0.73681640625 0.5751295336787565 0.01611328125 0.027849740932642485
10 0.5888671875 0.3711139896373057 0.02783203125 0.02461139896373057
8 0.8076171875 0.41968911917098445 0.041015625 0.05699481865284974
5 0.29150390625 0.6224093264248705 0.0654296875 0.05893782383419689
13 0.6357421875 0.5563471502590673 0.01708984375 0.031088082901554404
13 0.49169921875 0.7946891191709845 0.01708984375 0.03821243523316062
12 0.7294921875 0.3898963730569948 0.021484375 0.03756476683937824
13 0.37646484375 0.7959844559585493 0.02099609375 0.027202072538860103
8 0.80615234375 0.5790155440414507 0.0400390625 0.05569948186528497
5 0.4111328125 0.7882124352331606 0.0146484375 0.09844559585492228
13 0.3603515625 0.46696891191709844 0.02197265625 0.03367875647668394
9 0.35888671875 0.8976683937823834 0.01953125 0.03044041450777202
9 0.45068359375 0.23056994818652848 0.01806640625 0.03238341968911917
7 0.50732421875 0.13406735751295337 0.0546875 0.02461139896373057
7 0.29736328125 0.33678756476683935 0.052734375 0.027202072538860103
8 0.74951171875 0.602979274611399 0.02294921875 0.06347150259067358
13 0.3466796875 0.49093264248704666 0.01611328125 0.03626943005181347
8 0.6875 0.7946891191709845 0.05322265625 0.02072538860103627
7 0.68212890625 0.6709844559585493 0.02392578125 0.0705958549222798
0 0.51513671875 0.18976683937823835 0.08056640625 0.02461139896373057
7 0.55908203125 0.20725388601036268 0.0126953125 0.07253886010362694
7 0.32470703125 0.591321243523316 0.02587890625 0.06800518134715026
5 0.29541015625 0.7286269430051814 0.03564453125 0.09067357512953368
10 0.7119140625 0.4410621761658031 0.0244140625 0.02655440414507772
6 0.287109375 0.28756476683937826 0.02001953125 0.07318652849740932
11 0.5751953125 0.24287564766839378 0.02197265625 0.036917098445595854
7 0.54638671875 0.8264248704663213 0.04248046875 0.05181347150259067
0 0.298828125 0.358160621761658 0.0712890625 0.04145077720207254
11 0.5458984375 0.7908031088082902 0.02001953125 0.03562176165803109
2 0.69921875 0.6677461139896373 0.0341796875 0.06476683937823834
11 0.67529296875 0.2182642487046632 0.02392578125 0.03626943005181347
1 0.53125 0.8167098445595855 0.0244140625 0.03432642487046632
1 0.34375 0.358160621761658 0.02880859375 0.03756476683937824
11 0.513671875 0.21502590673575128 0.02880859375 0.03173575129533679
7 0.79150390625 0.8588082901554405 0.05126953125 0.02461139896373057
1 0.30517578125 0.2623056994818653 0.02734375 0.04533678756476684
11 0.38134765625 0.202720207253886 0.0263671875 0.023316062176165803
7 0.41552734375 0.06217616580310881 0.01513671875 0.06800518134715026
0 0.72119140625 0.5492227979274611 0.01611328125 0.09909326424870467
0 0.3427734375 0.5356217616580311 0.07958984375 0.025259067357512953
6 0.51611328125 0.06088082901554404 0.01513671875 0.06606217616580311
0 0.4716796875 0.15155440414507773 0.08251953125 0.023963730569948185
6 0.81884765625 0.3957253886010363 0.02880859375 0.06541450777202072
0 0.51611328125 0.7927461139896373 0.05810546875 0.08290155440414508
2 0.2568359375 0.37176165803108807 0.04833984375 0.040803108808290155
11 0.23291015625 0.46632124352331605 0.03125 0.03044041450777202
2 0.265625 0.0822538860103627 0.05078125 0.02461139896373057
4 0.5693359375 0.7577720207253886 0.03173828125 0.046632124352331605
7 0.3271484375 0.3795336787564767 0.0546875 0.019430051813471502
2 0.8359375 0.25906735751295334 0.04541015625 0.04727979274611399
1 0.56787109375 0.9332901554404145 0.02490234375 0.03562176165803109
6 0.5107421875 0.3160621761658031 0.04345703125 0.05958549222797927
1 0.14990234375 0.4883419689119171 0.02783203125 0.03432642487046632
11 0.38623046875 0.5433937823834197 0.01904296875 0.04209844559585492
0 0.73779296875 0.6651554404145078 0.021484375 0.09844559585492228
1 0.8134765625 0.21567357512953367 0.02294921875 0.03626943005181347
1 0.419921875 0.9585492227979274 0.02685546875 0.03626943005181347
4 0.783203125 0.8147668393782384 0.0126953125 0.04922279792746114
0 0.79248046875 0.2707253886010363 0.03173828125 0.09909326424870467
1 0.47509765625 0.4261658031088083 0.02734375 0.033031088082901554
13 0.46240234375 0.4961139896373057 0.02880859375 0.02461139896373057
2 0.572265625 0.39896373056994816 0.052734375 0.04015544041450777
1 0.5205078125 0.680699481865285 0.033203125 0.04727979274611399
2 0.826171875 0.33095854922279794 0.02294921875 0.06347150259067358
2 0.38525390625 0.9164507772020726 0.0224609375 0.06347150259067358
2 0.73876953125 0.23316062176165803 0.04736328125 0.050518134715025906
11 0.63037109375 0.6457253886010362 0.0185546875 0.025259067357512953
11 0.501953125 0.3393782383419689 0.02099609375 0.04145077720207254
0 0.61572265625 0.21373056994818654 0.0703125 0.048575129533678756
2 0.28857421875 0.5272020725388601 0.041015625 0.05699481865284974
4 0.806640625 0.8167098445595855 0.0166015625 0.050518134715025906
3 0.6650390625 0.16774611398963732 0.07861328125 0.1327720207253886
3 0.35791015625 0.24481865284974094 0.09912109375 0.11010362694300518
11 0.61376953125 0.47733160621761656 0.0234375 0.036917098445595854
3 0.35498046875 0.719559585492228 0.0478515625 0.14766839378238342
4 0.52734375 0.3121761658031088 0.0361328125 0.044689119170984455
10 0.73291015625 0.02461139896373057 0.01953125 0.029145077720207253
12 0.302734375 0.7448186528497409 0.02490234375 0.03756476683937824
5 0.21484375 0.7512953367875648 0.06005859375 0.06217616580310881
0 0.283203125 0.052461139896373056 0.06005859375 0.0705958549222798
1 0.3935546875 0.8037564766839378 0.0263671875 0.03367875647668394
2 0.314453125 0.46632124352331605 0.04248046875 0.056347150259067356
3 0.68603515625 0.7674870466321243 0.111328125 0.08160621761658031
13 0.39013671875 0.8296632124352331 0.02734375 0.027202072538860103
12 0.70947265625 0.6878238341968912 0.0185546875 0.04404145077720207