13 0.50927734375 0.8730569948186528 0.0234375 0.027849740932642485
13 0.23486328125 0.45984455958549225 0.01708984375 0.02266839378238342
13 0.27099609375 0.27849740932642486 0.02490234375 0.02072538860103627
9 0.365234375 0.24870466321243523 0.01416015625 0.029792746113989636
12 0.72900390625 0.34520725388601037 0.02294921875 0.03756476683937824
9 0.60888671875 0.21567357512953367 0.021484375 0.027849740932642485
10 0.39306640625 0.2849740932642487 0.015625 0.03044041450777202
13 0.6103515625 0.2713730569948187 0.0166015625 0.03821243523316062
8 0.20068359375 0.4488341968911917 0.0380859375 0.05699481865284974
8 0.3544921875 0.8348445595854922 0.03173828125 0.054404145077720206
4 0.36865234375 0.2648963730569948 0.041015625 0.019430051813471502
7 0.49462890625 0.6411917098445595 0.060546875 0.025259067357512953
13 0.474609375 0.3646373056994819 0.01416015625 0.040803108808290155
7 0.17822265625 0.5090673575129534 0.0537109375 0.02461139896373057
8 0.18359375 0.10427461139896373 0.0458984375 0.025906735751295335
11 0.19287109375 0.6010362694300518 0.025390625 0.04145077720207254
13 0.35546875 0.39896373056994816 0.01953125 0.034974093264248704
10 0.55810546875 0.28821243523316065 0.01611328125 0.03367875647668394
7 0.17578125 0.3536269430051813 0.037109375 0.05829015544041451
10 0.32421875 0.7124352331606217 0.02392578125 0.02266839378238342
13 0.6943359375 0.3011658031088083 0.02783203125 0.022020725388601035
7 0.5556640625 0.8639896373056994 0.05322265625 0.022020725388601035
7 0.16943359375 0.6288860103626943 0.02587890625 0.06606217616580311
7 0.18017578125 0.30375647668393785 0.0302734375 0.06800518134715026
7 0.59130859375 0.8607512953367875 0.05322265625 0.01878238341968912
13 0.39404296875 0.16191709844559585 0.02099609375 0.029792746113989636
0 0.2939453125 0.8672279792746114 0.015625 0.10038860103626943
7 0.4462890625 0.7636010362694301 0.046875 0.04533678756476684
6 0.23046875 0.3018134715025907 0.046875 0.04015544041450777
4 0.64306640625 0.5731865284974094 0.0419921875 0.025906735751295335
12 0.2333984375 0.9423575129533679 0.0283203125 0.025906735751295335
6 0.31982421875 0.7487046632124352 0.03466796875 0.05958549222797927
13 0.47900390625 0.9287564766839378 0.0166015625 0.03756476683937824
2 0.43359375 0.7357512953367875 0.05029296875 0.025906735751295335
5 0.75048828125 0.29857512953367876 0.02587890625 0.09585492227979274
1 0.5546875 0.8426165803108808 0.02734375 0.03562176165803109
0 0.16357421875 0.29922279792746115 0.01953125 0.09650259067357513
0 0.1572265625 0.883419689119171 0.0634765625 0.02461139896373057
7 0.19140625 0.5874352331606217 0.03076171875 0.06735751295336788
4 0.185546875 0.056347150259067356 0.02783203125 0.04339378238341969
10 0.46826171875 0.3244818652849741 0.015625 0.03044041450777202
5 0.69921875 0.5226683937823834 0.04833984375 0.08549222797927461
12 0.23828125 0.24805699481865284 0.0224609375 0.036917098445595854
1 0.564453125 0.9281088082901554 0.02685546875 0.03562176165803109
7 0.1787109375 0.719559585492228 0.02099609375 0.06994818652849741
1 0.5576171875 0.5278497409326425 0.02734375 0.03950777202072539
6 0.3046875 0.3089378238341969 0.0478515625 0.03562176165803109
0 0.26318359375 0.22279792746113988 0.01611328125 0.10621761658031088
11 0.53759765625 0.34132124352331605 0.02001953125 0.03950777202072539
4 0.33056640625 0.2422279792746114 0.0390625 0.020077720207253884
2 0.27978515625 0.533678756476684 0.05078125 0.033031088082901554
1 0.658203125 0.5582901554404145 0.03125 0.04533678756476684
2 0.443359375 0.2616580310880829 0.048828125 0.04533678756476684
1 0.546875 0.3950777202072539 0.02685546875 0.034974093264248704
12 0.37158203125 0.8439119170984456 0.0244140625 0.03238341968911917
13 0.17529296875 0.38860103626943004 0.01708984375 0.036917098445595854
5 0.5849609375 0.31541450777202074 0.0302734375 0.10297927461139897
11 0.6220703125 0.8277202072538861 0.01953125 0.03367875647668394
1 0.58740234375 0.23963730569948186 0.02734375 0.03626943005181347
1 0.568359375 0.18976683937823835 0.0341796875 0.04727979274611399
9 0.47802734375 0.6968911917098446 0.01806640625 0.02461139896373057
11 0.56494140625 0.7875647668393783 0.01953125 0.025906735751295335
11 0.4970703125 0.7772020725388601 0.0244140625 0.034974093264248704
0 0.32080078125 0.8406735751295337 0.04052734375 0.08743523316062177
11 0.50927734375 0.7273316062176166 0.02392578125 0.036917098445595854
11 0.400390625 0.26813471502590674 0.025390625 0.03173575129533679
2 0.1416015625 0.5239637305699482 0.03271484375 0.023316062176165803
3 0.62060546875 0.29857512953367876 0.10791015625 0.0977979274611399
2 0.3173828125 0.8212435233160622 0.03564453125 0.06217616580310881
1 0.6875 0.7616580310880829 0.03125 0.038860103626943004
6 0.59228515625 0.7487046632124352 0.03857421875 0.05764248704663212
2 0.44873046875 0.36917098445595853 0.04736328125 0.05764248704663212
3 0.48828125 0.26748704663212436 0.0224609375 0.16062176165803108
0 0.26904296875 0.49287564766839376 0.06982421875 0.048575129533678756
11 0.33642578125 0.694300518134715 0.02783203125 0.03173575129533679
3 0.6474609375 0.7849740932642487 0.11279296875 0.06800518134715026
11 0.43017578125 0.6308290155440415 0.025390625 0.03626943005181347
1 0.607421875 0.8426165803108808 0.02587890625 0.033031088082901554
11 0.41552734375 0.19235751295336787 0.03173828125 0.029792746113989636
2 0.55419921875 0.3270725388601036 0.0283203125 0.06606217616580311
1 0.61474609375 0.47668393782383417 0.03173828125 0.04145077720207254
0 0.21875 0.28432642487046633 0.06591796875 0.0744818652849741
3 0.349609375 0.2927461139896373 0.1171875 0.06282383419689119
0 0.27978515625 0.3898963730569948 0.06982421875 0.05181347150259067
5 0.7705078125 0.27914507772020725 0.03369140625 0.09132124352331607
2 0.14599609375 0.3542746113989637 0.0283203125 0.06476683937823834
0 0.53759765625 0.5317357512953368 0.04736328125 0.09520725388601037
0 0.46826171875 0.8516839378238342 0.0732421875 0.04015544041450777
2 0.18505859375 0.47668393782383417 0.04541015625 0.052461139896373056
2 0.34130859375 0.7519430051813472 0.03173828125 0.06411917098445596
8 0.18017578125 0.5796632124352331 0.02978515625 0.06411917098445596
9 0.2958984375 0.38082901554404147 0.0224609375 0.02849740932642487