10 0.64111328125 0.4371761658031088 0.03271484375 0.020077720207253884
13 0.2939453125 0.34974093264248707 0.0283203125 0.022020725388601035
7 0.60302734375 0.30375647668393785 0.04833984375 0.050518134715025906
5 0.75146484375 0.40479274611398963 0.05322265625 0.08290155440414508
12 0.54931640625 0.8147668393782384 0.0341796875 0.021373056994818652
4 0.65771484375 0.41968911917098445 0.04736328125 0.02266839378238342
9 0.64599609375 0.1794041450777202 0.01953125 0.023963730569948185
4 0.52490234375 0.8069948186528497 0.04248046875 0.022020725388601035
8 0.63330078125 0.6813471502590673 0.04345703125 0.05181347150259067
10 0.4921875 0.22279792746113988 0.02197265625 0.03238341968911917
8 0.80517578125 0.49222797927461137 0.03125 0.06088082901554404
11 0.82177734375 0.4948186528497409 0.02587890625 0.027202072538860103
9 0.4609375 0.14507772020725387 0.01904296875 0.031088082901554404
13 0.37890625 0.23510362694300518 0.02099609375 0.03821243523316062
10 0.25634765625 0.36722797927461137 0.01171875 0.03821243523316062
9 0.7421875 0.8367875647668394 0.0185546875 0.022020725388601035
10 0.30029296875 0.6619170984455959 0.01806640625 0.03432642487046632
12 0.2900390625 0.33031088082901555 0.0302734375 0.025906735751295335
11 0.4150390625 0.8231865284974094 0.01806640625 0.025259067357512953
12 0.48388671875 0.6159326424870466 0.015625 0.04987046632124352
8 0.63671875 0.45077720207253885 0.0537109375 0.025259067357512953
13 0.5810546875 0.8756476683937824 0.02978515625 0.02461139896373057
13 0.49853515625 0.75 0.01708984375 0.036917098445595854
7 0.55517578125 0.33484455958549225 0.0498046875 0.04145077720207254
9 0.53173828125 0.8244818652849741 0.01708984375 0.03173575129533679
0 0.86767578125 0.6955958549222798 0.013671875 0.10492227979274611
13 0.47265625 0.6761658031088082 0.02490234375 0.03238341968911917
12 0.45654296875 0.6288860103626943 0.01806640625 0.042746113989637305
13 0.58349609375 0.5226683937823834 0.02099609375 0.03821243523316062
8 0.6591796875 0.2422279792746114 0.04248046875 0.046632124352331605
7 0.54638671875 0.37759067357512954 0.01708984375 0.0744818652849741
5 0.24560546875 0.3601036269430052 0.01416015625 0.10233160621761658
5 0.50439453125 0.6437823834196891 0.01904296875 0.09844559585492228
7 0.75048828125 0.4209844559585492 0.04150390625 0.05505181347150259
7 0.32958984375 0.7966321243523317 0.0458984375 0.05181347150259067
13 0.48583984375 0.4028497409326425 0.01953125 0.03756476683937824
5 0.2314453125 0.32059585492227977 0.015625 0.09715025906735751
11 0.52490234375 0.09715025906735751 0.02734375 0.02849740932642487
7 0.2392578125 0.24417098445595856 0.05078125 0.03562176165803109
7 0.6171875 0.4682642487046632 0.06201171875 0.025259067357512953
2 0.837890625 0.4883419689119171 0.05517578125 0.04209844559585492
1 0.41552734375 0.7992227979274611 0.02783203125 0.03821243523316062
6 0.80322265625 0.7512953367875648 0.01611328125 0.06282383419689119
1 0.2939453125 0.8866580310880829 0.03369140625 0.044689119170984455
1 0.77783203125 0.4177461139896373 0.0302734375 0.04404145077720207
1 0.330078125 0.7707253886010362 0.03125 0.044689119170984455
0 0.31005859375 0.4520725388601036 0.015625 0.09909326424870467
11 0.57763671875 0.5064766839378239 0.0361328125 0.029792746113989636
0 0.4755859375 0.6392487046632125 0.03466796875 0.0977979274611399
11 0.3916015625 0.680699481865285 0.02392578125 0.036917098445595854
4 0.42626953125 0.3335492227979275 0.0380859375 0.03238341968911917
0 0.34912109375 0.21178756476683938 0.076171875 0.029145077720207253
4 0.32177734375 0.3283678756476684 0.0400390625 0.01683937823834197
1 0.26025390625 0.25971502590673573 0.03076171875 0.03821243523316062
0 0.76025390625 0.814119170984456 0.0732421875 0.02849740932642487
3 0.68017578125 0.26360103626943004 0.1181640625 0.04987046632124352
1 0.71484375 0.27266839378238344 0.02392578125 0.03432642487046632
2 0.267578125 0.37629533678756477 0.0283203125 0.06606217616580311
1 0.4453125 0.8717616580310881 0.03173828125 0.03950777202072539
3 0.80810546875 0.7156735751295337 0.111328125 0.03626943005181347
1 0.244140625 0.17681347150259066 0.02490234375 0.03562176165803109
11 0.4990234375 0.0939119170984456 0.0205078125 0.03562176165803109
3 0.27685546875 0.5673575129533679 0.02880859375 0.15284974093264247
2 0.509765625 0.9080310880829016 0.05078125 0.033031088082901554
2 0.48193359375 0.8484455958549223 0.048828125 0.044689119170984455
13 0.3583984375 0.3115284974093264 0.0146484375 0.036917098445595854
0 0.2890625 0.45012953367875647 0.02294921875 0.09844559585492228
2 0.7646484375 0.48704663212435234 0.0419921875 0.05375647668393782
6 0.67578125 0.8044041450777202 0.05029296875 0.02655440414507772
11 0.3369140625 0.8089378238341969 0.02685546875 0.03626943005181347
7 0.5927734375 0.5408031088082902 0.05419921875 0.04792746113989637
0 0.66259765625 0.7603626943005182 0.04296875 0.09196891191709844
2 0.705078125 0.9112694300518135 0.04638671875 0.05375647668393782
1 0.2861328125 0.7338082901554405 0.03173828125 0.044689119170984455
7 0.50732421875 0.8652849740932642 0.0244140625 0.07124352331606218
7 0.408203125 0.7571243523316062 0.04248046875 0.06023316062176166
0 0.8212890625 0.45595854922279794 0.0693359375 0.04209844559585492
1 0.22802734375 0.5097150259067358 0.0263671875 0.042746113989637305
2 0.79150390625 0.09844559585492228 0.0400390625 0.05764248704663212
11 0.52392578125 0.20012953367875647 0.02392578125 0.03432642487046632
6 0.37841796875 0.6534974093264249 0.0263671875 0.06800518134715026
11 0.34375 0.5848445595854922 0.02490234375 0.03756476683937824
2 0.8017578125 0.3316062176165803 0.0322265625 0.06282383419689119
3 0.57666015625 0.2765544041450777 0.11572265625 0.06606217616580311
0 0.31494140625 0.35621761658031087 0.07177734375 0.05181347150259067
6 0.80126953125 0.5226683937823834 0.05126953125 0.021373056994818652
2 0.6552734375 0.15867875647668395 0.05029296875 0.023963730569948185
0 0.7470703125 0.10362694300518134 0.06787109375 0.06347150259067358
2 0.3251953125 0.6722797927461139 0.0322265625 0.06541450777202072
13 0.404296875 0.7817357512953368 0.017578125 0.036917098445595854
11 0.521484375 0.11075129533678757 0.02783203125 0.03432642487046632
13 0.6240234375 0.7759067357512953 0.0234375 0.040803108808290155