12 0.7099609375 0.3128238341968912 0.01904296875 0.044689119170984455
7 0.33203125 0.8380829015544041 0.04833984375 0.05181347150259067
9 0.48681640625 0.9002590673575129 0.013671875 0.03044041450777202
8 0.55908203125 0.22085492227979275 0.033203125 0.05829015544041451
5 0.2353515625 0.1800518134715026 0.03759765625 0.08743523316062177
5 0.2861328125 0.22279792746113988 0.068359375 0.04987046632124352
8 0.8076171875 0.5777202072538861 0.041015625 0.06023316062176166
7 0.52001953125 0.20790155440414507 0.01953125 0.0667098445595855
6 0.58251953125 0.802461139896373 0.04833984375 0.03173575129533679
11 0.5859375 0.36917098445595853 0.02099609375 0.02849740932642487
8 0.75 0.3950777202072539 0.02294921875 0.06476683937823834
8 0.79345703125 0.3898963730569948 0.021484375 0.023316062176165803
9 0.6005859375 0.5680051813471503 0.0185546875 0.029792746113989636
12 0.5009765625 0.14378238341968913 0.03125 0.029792746113989636
13 0.451171875 0.28303108808290156 0.02392578125 0.029145077720207253
10 0.75244140625 0.3477979274611399 0.021484375 0.03238341968911917
13 0.4453125 0.23639896373056996 0.017578125 0.03950777202072539
12 0.79248046875 0.564119170984456 0.0126953125 0.04533678756476684
7 0.39111328125 0.8050518134715026 0.02294921875 0.07189119170984457
13 0.2763671875 0.6878238341968912 0.01806640625 0.03562176165803109
7 0.53857421875 0.957901554404145 0.04736328125 0.044689119170984455
10 0.712890625 0.5589378238341969 0.02490234375 0.02849740932642487
7 0.43896484375 0.8154145077720207 0.015625 0.07318652849740932
10 0.5185546875 0.6852331606217616 0.01611328125 0.03626943005181347
0 0.357421875 0.7979274611398963 0.06884765625 0.08290155440414508
13 0.59521484375 0.38082901554404147 0.02392578125 0.036917098445595854
7 0.53271484375 0.9404145077720207 0.044921875 0.05310880829015544
13 0.4091796875 0.2422279792746114 0.02001953125 0.03562176165803109
13 0.1708984375 0.5887305699481865 0.02880859375 0.02461139896373057
13 0.48046875 0.21955958549222798 0.02978515625 0.023316062176165803
4 0.71484375 0.15867875647668395 0.01708984375 0.02461139896373057
9 0.716796875 0.4164507772020725 0.01904296875 0.033031088082901554
1 0.5322265625 0.19300518134715025 0.0234375 0.03562176165803109
1 0.3076171875 0.6729274611398963 0.02685546875 0.03367875647668394
11 0.2919921875 0.46243523316062174 0.0244140625 0.036917098445595854
7 0.6826171875 0.3283678756476684 0.02490234375 0.07189119170984457
11 0.4296875 0.7603626943005182 0.02490234375 0.038860103626943004
12 0.72216796875 0.5900259067357513 0.013671875 0.044689119170984455
1 0.27587890625 0.5919689119170984 0.03564453125 0.04792746113989637
2 0.4404296875 0.5841968911917098 0.021484375 0.029145077720207253
6 0.35009765625 0.8076424870466321 0.044921875 0.054404145077720206
13 0.55712890625 0.6062176165803109 0.0166015625 0.04015544041450777
11 0.396484375 0.30958549222797926 0.02783203125 0.029145077720207253
2 0.69970703125 0.3322538860103627 0.0341796875 0.06476683937823834
6 0.510986328125 0.9867227979274611 0.05029296875 0.02655440414507772
4 0.53173828125 0.3322538860103627 0.02197265625 0.05310880829015544
2 0.83544921875 0.7402849740932642 0.04638671875 0.04792746113989637
1 0.3359375 0.633419689119171 0.02783203125 0.03238341968911917
2 0.31103515625 0.6139896373056994 0.0498046875 0.042746113989637305
11 0.56689453125 0.7487046632124352 0.0205078125 0.038860103626943004
0 0.5654296875 0.7040155440414507 0.07763671875 0.03367875647668394
1 0.58544921875 0.17551813471502592 0.03125 0.040803108808290155
1 0.6181640625 0.013924870466321243 0.02734375 0.027849740932642485
2 0.34716796875 0.3393782383419689 0.02099609375 0.029145077720207253
2 0.76171875 0.6871761658031088 0.017578125 0.06476683937823834
7 0.7939453125 0.14443005181347152 0.0546875 0.029792746113989636
2 0.52490234375 0.9034974093264249 0.0341796875 0.06411917098445596
1 0.31005859375 0.469559585492228 0.0283203125 0.03562176165803109
2 0.46826171875 0.483160621761658 0.01904296875 0.025259067357512953
11 0.39599609375 0.33743523316062174 0.0244140625 0.034974093264248704
9 0.4775390625 0.327720207253886 0.0224609375 0.029792746113989636
1 0.33740234375 0.17810880829015543 0.02490234375 0.03562176165803109
0 0.3818359375 0.29857512953367876 0.0732421875 0.046632124352331605
7 0.55029296875 0.17616580310880828 0.03369140625 0.06347150259067358
2 0.24072265625 0.34974093264248707 0.05078125 0.03756476683937824
3 0.384765625 0.7325129533678757 0.111328125 0.04533678756476684
3 0.52685546875 0.14766839378238342 0.07080078125 0.14637305699481865
1 0.81298828125 0.7830310880829016 0.02392578125 0.03562176165803109
0 0.73828125 0.33419689119170987 0.0234375 0.09844559585492228
0 0.5478515625 0.8432642487046632 0.04736328125 0.09261658031088082
7 0.72802734375 0.6230569948186528 0.02978515625 0.07253886010362694
4 0.80712890625 0.18393782383419688 0.0166015625 0.04987046632124352
13 0.24560546875 0.47474093264248707 0.01904296875 0.02849740932642487
3 0.55810546875 0.28303108808290156 0.0341796875 0.15544041450777202
11 0.3359375 0.5835492227979274 0.025390625 0.03950777202072539
2 0.36962890625 0.7849740932642487 0.04052734375 0.05893782383419689
11 0.59375 0.5116580310880829 0.02001953125 0.027202072538860103
5 0.26220703125 0.4009067357512953 0.046875 0.08484455958549222
0 0.28857421875 0.658678756476684 0.02099609375 0.10233160621761658
1 0.36376953125 0.5977979274611399 0.0263671875 0.03562176165803109
0 0.47607421875 0.27396373056994816 0.0595703125 0.08031088082901554
5 0.22265625 0.2104922279792746 0.06005859375 0.05893782383419689
0 0.42333984375 0.8536269430051814 0.06298828125 0.07642487046632124
11 0.53173828125 0.22733160621761658 0.0234375 0.03367875647668394
0 0.68701171875 0.4494818652849741 0.04296875 0.09261658031088082
6 0.81982421875 0.6036269430051814 0.02978515625 0.06865284974093264
0 0.48974609375 0.9430051813471503 0.0478515625 0.09196891191709844
11 0.31591796875 0.21632124352331605 0.02685546875 0.033031088082901554
10 0.73291015625 0.9753886010362695 0.02001953125 0.029792746113989636
3 0.58203125 0.8743523316062176 0.07568359375 0.13147668393782383
4 0.56201171875 0.7247409326424871 0.0390625 0.042746113989637305
13 0.38330078125 0.34196891191709844 0.021484375 0.03821243523316062