4 0.6533203125 0.9527202072538861 0.04248046875 0.02461139896373057
8 0.2021484375 0.4954663212435233 0.041015625 0.04922279792746114
8 0.2373046875 0.49805699481865284 0.03271484375 0.05829015544041451
7 0.2314453125 0.34132124352331605 0.01708984375 0.07383419689119171
10 0.298828125 0.6444300518134715 0.02197265625 0.029792746113989636
13 0.693359375 0.43911917098445596 0.02294921875 0.034974093264248704
13 0.39794921875 0.14572538860103626 0.02490234375 0.03756476683937824
9 0.68115234375 0.7869170984455959 0.015625 0.03367875647668394
10 0.39697265625 0.7202072538860104 0.02392578125 0.018134715025906734
12 0.33251953125 0.7344559585492227 0.0146484375 0.03756476683937824
12 0.36669921875 0.7208549222797928 0.02978515625 0.023963730569948185
7 0.2001953125 0.18847150259067358 0.04931640625 0.027202072538860103
13 0.77001953125 0.4948186528497409 0.02783203125 0.023963730569948185
11 0.52490234375 0.1871761658031088 0.02001953125 0.02655440414507772
8 0.1376953125 0.4216321243523316 0.03955078125 0.038860103626943004
9 0.70166015625 0.7629533678756477 0.0234375 0.02072538860103627
8 0.2138671875 0.6534974093264249 0.01611328125 0.07124352331606218
1 0.73486328125 0.6483160621761658 0.0302734375 0.03756476683937824
10 0.3955078125 0.8270725388601037 0.0234375 0.023316062176165803
11 0.52734375 0.17033678756476683 0.0234375 0.03756476683937824
9 0.66796875 0.7759067357512953 0.0185546875 0.034974093264248704
6 0.2314453125 0.15803108808290156 0.02978515625 0.05958549222797927
1 0.69677734375 0.6159326424870466 0.02880859375 0.03626943005181347
4 0.2626953125 0.552461139896373 0.044921875 0.023963730569948185
13 0.80615234375 0.5582901554404145 0.0224609375 0.029792746113989636
13 0.412109375 0.12046632124352331 0.0146484375 0.036917098445595854
13 0.7958984375 0.4637305699481865 0.02783203125 0.02461139896373057
13 0.53662109375 0.12305699481865284 0.02099609375 0.03432642487046632
13 0.427734375 0.06088082901554404 0.01806640625 0.036917098445595854
7 0.71533203125 0.792098445595855 0.04931640625 0.052461139896373056
1 0.20556640625 0.43069948186528495 0.02685546875 0.03626943005181347
7 0.255859375 0.3322538860103627 0.0126953125 0.07124352331606218
13 0.6591796875 0.6787564766839378 0.017578125 0.03950777202072539
3 0.2177734375 0.7020725388601037 0.0205078125 0.16126943005181346
13 0.64453125 0.36917098445595853 0.02392578125 0.03173575129533679
2 0.66455078125 0.36917098445595853 0.03173828125 0.06865284974093264
7 0.63818359375 0.944300518134715 0.0478515625 0.04727979274611399
11 0.3837890625 0.5667098445595855 0.02392578125 0.03626943005181347
7 0.6982421875 0.5835492227979274 0.04345703125 0.05569948186528497
1 0.87060546875 0.6567357512953368 0.029296875 0.03626943005181347
5 0.583984375 0.19883419689119172 0.05615234375 0.07318652849740932
4 0.66162109375 0.9216321243523317 0.02001953125 0.05505181347150259
12 0.5576171875 0.8419689119170984 0.02685546875 0.03238341968911917
1 0.55859375 0.3555699481865285 0.0341796875 0.048575129533678756
1 0.69091796875 0.5148963730569949 0.02490234375 0.03173575129533679
11 0.71240234375 0.4488341968911917 0.01953125 0.04145077720207254
2 0.69873046875 0.5569948186528497 0.0390625 0.05829015544041451
6 0.380859375 0.5349740932642487 0.046875 0.04145077720207254
2 0.69091796875 0.33419689119170987 0.05029296875 0.025906735751295335
7 0.67724609375 0.7467616580310881 0.0517578125 0.03821243523316062
0 0.56005859375 0.15803108808290156 0.07421875 0.04339378238341969
4 0.23095703125 0.6185233160621761 0.03369140625 0.04339378238341969
11 0.4326171875 0.5926165803108808 0.02685546875 0.03238341968911917
11 0.83544921875 0.38212435233160624 0.02587890625 0.03626943005181347
7 0.6904296875 0.6580310880829016 0.046875 0.054404145077720206
1 0.0869140625 0.3594559585492228 0.0302734375 0.042746113989637305
11 0.298828125 0.5233160621761658 0.02685546875 0.029145077720207253
7 0.10546875 0.26813471502590674 0.04931640625 0.02655440414507772
0 0.2802734375 0.4015544041450777 0.03466796875 0.09844559585492228
6 0.11474609375 0.46113989637305697 0.0166015625 0.0705958549222798
5 0.798828125 0.3471502590673575 0.078125 0.016191709844559584
2 0.6083984375 0.822538860103627 0.0380859375 0.06347150259067358
2 0.2109375 0.5323834196891192 0.033203125 0.06217616580310881
2 0.345703125 0.7344559585492227 0.0205078125 0.06930051813471502
0 0.28515625 0.3477979274611399 0.068359375 0.056347150259067356
2 0.3134765625 0.6262953367875648 0.04345703125 0.05310880829015544
11 0.68359375 0.37759067357512954 0.02099609375 0.038860103626943004
3 0.29833984375 0.5667098445595855 0.119140625 0.022020725388601035
3 0.75830078125 0.6683937823834197 0.0517578125 0.15349740932642486
11 0.38818359375 0.7642487046632125 0.02685546875 0.02849740932642487
1 0.20068359375 0.3873056994818653 0.02734375 0.04015544041450777
0 0.2392578125 0.3905440414507772 0.06396484375 0.07124352331606218
0 0.77294921875 0.33419689119170987 0.06982421875 0.04598445595854922
10 0.1455078125 0.8167098445595855 0.02392578125 0.023963730569948185
9 0.61181640625 0.6107512953367875 0.021484375 0.03044041450777202
2 0.51220703125 0.45012953367875647 0.0498046875 0.02655440414507772
1 0.36181640625 0.6340673575129534 0.033203125 0.04598445595854922
1 0.81884765625 0.4585492227979275 0.0263671875 0.03367875647668394
2 0.57470703125 0.9462435233160622 0.0498046875 0.044689119170984455
2 0.541015625 0.27461139896373055 0.01904296875 0.06606217616580311
11 0.64892578125 0.3167098445595855 0.02392578125 0.03950777202072539
0 0.48828125 0.21955958549222798 0.04443359375 0.09455958549222798
5 0.79052734375 0.15867875647668395 0.06640625 0.044689119170984455
12 0.56591796875 0.7189119170984456 0.02490234375 0.03756476683937824
0 0.5029296875 0.3011658031088083 0.0673828125 0.07318652849740932
6 0.259765625 0.5194300518134715 0.041015625 0.050518134715025906
3 0.2236328125 0.26295336787564766 0.06005859375 0.13924870466321243
0 0.78466796875 0.5660621761658031 0.0615234375 0.07512953367875648
0 0.4501953125 0.30505181347150256 0.05712890625 0.08419689119170984
5 0.716796875 0.13212435233160622 0.04345703125 0.08160621761658031
0 0.35595703125 0.26878238341968913 0.07177734375 0.06023316062176166
7 0.2646484375 0.31476683937823835 0.0205078125 0.07383419689119171