13 0.55908203125 0.7227979274611399 0.02099609375 0.04015544041450777
13 0.74560546875 0.3594559585492228 0.0166015625 0.034974093264248704
9 0.76708984375 0.3743523316062176 0.02099609375 0.02655440414507772
13 0.5126953125 0.17357512953367876 0.01806640625 0.031088082901554404
12 0.72119140625 0.49093264248704666 0.015625 0.04339378238341969
8 0.619140625 0.3322538860103627 0.044921875 0.046632124352331605
8 0.39794921875 0.8963730569948186 0.05078125 0.019430051813471502
11 0.26025390625 0.16839378238341968 0.021484375 0.02849740932642487
6 0.32666015625 0.3873056994818653 0.0517578125 0.019430051813471502
10 0.7529296875 0.375 0.01953125 0.03367875647668394
9 0.23681640625 0.9533678756476683 0.0234375 0.02266839378238342
9 0.68701171875 0.5090673575129534 0.0205078125 0.023316062176165803
13 0.6630859375 0.3128238341968912 0.02587890625 0.021373056994818652
13 0.5126953125 0.707901554404145 0.01708984375 0.02461139896373057
13 0.24169921875 0.5272020725388601 0.02392578125 0.027202072538860103
9 0.5419921875 0.4993523316062176 0.02490234375 0.03626943005181347
11 0.388671875 0.5686528497409327 0.033203125 0.02461139896373057
8 0.31884765625 0.6496113989637305 0.02294921875 0.06347150259067358
7 0.3486328125 0.5252590673575129 0.0498046875 0.04145077720207254
6 0.36474609375 0.5511658031088082 0.05078125 0.034974093264248704
7 0.3271484375 0.47085492227979275 0.02685546875 0.07189119170984457
13 0.58837890625 0.7266839378238342 0.02880859375 0.027202072538860103
11 0.73095703125 0.25777202072538863 0.0205078125 0.03756476683937824
11 0.49560546875 0.18652849740932642 0.0302734375 0.025906735751295335
5 0.71044921875 0.45142487046632124 0.0693359375 0.05375647668393782
7 0.65478515625 0.7409326424870466 0.0419921875 0.05764248704663212
13 0.2509765625 0.33743523316062174 0.0166015625 0.03950777202072539
7 0.705078125 0.39248704663212436 0.0166015625 0.0744818652849741
7 0.353515625 0.9708549222797928 0.02587890625 0.054404145077720206
5 0.35693359375 0.25 0.0703125 0.04145077720207254
0 0.2900390625 0.42357512953367876 0.072265625 0.03626943005181347
5 0.50634765625 0.15025906735751296 0.07666015625 0.029145077720207253
1 0.24169921875 0.1871761658031088 0.02734375 0.03432642487046632
4 0.40380859375 0.22150259067357514 0.03466796875 0.034974093264248704
7 0.1640625 0.47150259067357514 0.05126953125 0.025259067357512953
1 0.23486328125 0.21696891191709844 0.0302734375 0.03821243523316062
1 0.4423828125 0.32966321243523317 0.02978515625 0.04015544041450777
1 0.54150390625 0.13665803108808292 0.03125 0.036917098445595854
4 0.7314453125 0.5168393782383419 0.0380859375 0.029792746113989636
7 0.76611328125 0.5323834196891192 0.05419921875 0.023963730569948185
2 0.6787109375 0.5466321243523317 0.017578125 0.06930051813471502
1 0.52783203125 0.21696891191709844 0.0263671875 0.033031088082901554
10 0.38134765625 0.21437823834196892 0.01708984375 0.036917098445595854
1 0.62060546875 0.7661917098445595 0.02587890625 0.029792746113989636
0 0.53466796875 0.19430051813471502 0.07568359375 0.04727979274611399
2 0.5947265625 0.8011658031088082 0.0361328125 0.0705958549222798
11 0.521484375 0.4896373056994819 0.02490234375 0.03562176165803109
2 0.26123046875 0.7700777202072538 0.04150390625 0.05958549222797927
11 0.69580078125 0.5440414507772021 0.02197265625 0.03562176165803109
6 0.24609375 0.4209844559585492 0.02587890625 0.0667098445595855
1 0.2705078125 0.3225388601036269 0.02685546875 0.03626943005181347
8 0.6337890625 0.7053108808290155 0.025390625 0.06217616580310881
2 0.2197265625 0.23510362694300518 0.03466796875 0.06217616580310881
0 0.71533203125 0.5874352331606217 0.017578125 0.10297927461139897
2 0.478515625 0.3160621761658031 0.03759765625 0.06023316062176166
6 0.30322265625 0.7143782383419689 0.04736328125 0.046632124352331605
3 0.53662109375 0.7137305699481865 0.111328125 0.08549222797927461
0 0.50537109375 0.30958549222797926 0.02734375 0.10038860103626943
10 0.66357421875 0.3322538860103627 0.0224609375 0.02655440414507772
0 0.38916015625 0.5932642487046632 0.07080078125 0.06023316062176166
10 0.3798828125 0.6463730569948186 0.0205078125 0.03238341968911917
5 0.65966796875 0.542098445595855 0.04052734375 0.09455958549222798
0 0.474609375 0.8659326424870466 0.07275390625 0.03756476683937824
13 0.48876953125 0.7545336787564767 0.01611328125 0.03950777202072539
3 0.3544921875 0.3743523316062176 0.1201171875 0.03432642487046632
0 0.6689453125 0.1560880829015544 0.07958984375 0.03821243523316062
4 0.7783203125 0.38212435233160624 0.03076171875 0.04727979274611399
1 0.501953125 0.4326424870466321 0.0283203125 0.042746113989637305
1 0.31591796875 0.6088082901554405 0.033203125 0.03821243523316062
11 0.18408203125 0.5155440414507773 0.029296875 0.027849740932642485
3 0.7099609375 0.24287564766839378 0.0634765625 0.1483160621761658
11 0.5263671875 0.28367875647668395 0.01904296875 0.04339378238341969
2 0.51806640625 0.7616580310880829 0.03955078125 0.06217616580310881
1 0.6123046875 0.7027202072538861 0.02880859375 0.04145077720207254
0 0.74365234375 0.4417098445595855 0.02978515625 0.09974093264248704
3 0.625 0.8620466321243523 0.0546875 0.14572538860103626
0 0.28466796875 0.22927461139896374 0.05029296875 0.08484455958549222
2 0.75341796875 0.9501295336787565 0.046875 0.04404145077720207
2 0.28466796875 0.16839378238341968 0.0439453125 0.04792746113989637
0 0.6298828125 0.7862694300518135 0.0654296875 0.07318652849740932
2 0.7353515625 0.3426165803108808 0.03271484375 0.06606217616580311
2 0.7529296875 0.9708549222797928 0.05126953125 0.040803108808290155
4 0.3369140625 0.45595854922279794 0.02392578125 0.05893782383419689
12 0.5361328125 0.17422279792746115 0.03955078125 0.022020725388601035
11 0.708984375 0.16968911917098445 0.025390625 0.03756476683937824
12 0.60546875 0.7545336787564767 0.02099609375 0.04339378238341969
12 0.60791015625 0.7338082901554405 0.0302734375 0.019430051813471502
11 0.6298828125 0.7467616580310881 0.02685546875 0.02461139896373057
7 0.26806640625 0.38341968911917096 0.04833984375 0.044689119170984455
7 0.30810546875 0.43976683937823835 0.02978515625 0.06735751295336788
13 0.2705078125 0.24481865284974094 0.021484375 0.03821243523316062
7 0.27978515625 0.19235751295336787 0.05224609375 0.03821243523316062