12 0.162109375 0.7389896373056994 0.03125 0.017487046632124352
6 0.65283203125 0.9300518134715026 0.02783203125 0.06088082901554404
10 0.6845703125 0.4067357512953368 0.02099609375 0.03238341968911917
12 0.4248046875 0.49028497409326427 0.03125 0.027849740932642485
8 0.62060546875 0.5977979274611399 0.04150390625 0.05310880829015544
4 0.37109375 0.27914507772020725 0.0185546875 0.038860103626943004
13 0.4169921875 0.9520725388601037 0.01708984375 0.03950777202072539
12 0.64453125 0.22797927461139897 0.017578125 0.046632124352331605
9 0.34521484375 0.7959844559585493 0.0234375 0.019430051813471502
7 0.28564453125 0.36852331606217614 0.052734375 0.018134715025906734
7 0.2158203125 0.8782383419689119 0.02001953125 0.06541450777202072
7 0.28466796875 0.40025906735751293 0.044921875 0.05116580310880829
13 0.341796875 0.7772020725388601 0.02197265625 0.02461139896373057
9 0.740234375 0.3322538860103627 0.02001953125 0.023316062176165803
8 0.43310546875 0.5136010362694301 0.05126953125 0.019430051813471502
13 0.65234375 0.29922279792746115 0.0244140625 0.029792746113989636
10 0.67529296875 0.27331606217616583 0.021484375 0.029145077720207253
5 0.447265625 0.16515544041450778 0.06396484375 0.06994818652849741
4 0.78857421875 0.7156735751295337 0.03955078125 0.022020725388601035
1 0.46826171875 0.31930051813471505 0.0224609375 0.033031088082901554
9 0.53759765625 0.5207253886010362 0.0234375 0.02461139896373057
2 0.685546875 0.9319948186528497 0.0478515625 0.01878238341968912
7 0.63330078125 0.8892487046632125 0.0537109375 0.021373056994818652
13 0.7705078125 0.625 0.02490234375 0.027202072538860103
12 0.65283203125 0.6884715025906736 0.02880859375 0.029145077720207253
5 0.716796875 0.37305699481865284 0.0556640625 0.08354922279792747
6 0.3076171875 0.35168393782383417 0.05517578125 0.018134715025906734
11 0.6259765625 0.8743523316062176 0.02880859375 0.027202072538860103
10 0.27392578125 0.7972797927461139 0.0234375 0.021373056994818652
1 0.30712890625 0.3963730569948187 0.02587890625 0.03238341968911917
7 0.46923828125 0.2933937823834197 0.02587890625 0.07901554404145078
8 0.36376953125 0.7616580310880829 0.0234375 0.06282383419689119
10 0.76953125 0.6496113989637305 0.0244140625 0.025259067357512953
6 0.41259765625 0.9332901554404145 0.0517578125 0.023316062176165803
7 0.2900390625 0.6897668393782384 0.01611328125 0.06800518134715026
13 0.6484375 0.822538860103627 0.02490234375 0.033031088082901554
6 0.599609375 0.8886010362694301 0.0361328125 0.06217616580310881
1 0.46142578125 0.17422279792746115 0.03173828125 0.03626943005181347
7 0.6826171875 0.8886010362694301 0.0234375 0.05699481865284974
4 0.669921875 0.6910621761658031 0.03857421875 0.036917098445595854
11 0.37548828125 0.4255181347150259 0.03125 0.025906735751295335
13 0.47998046875 0.5356217616580311 0.02392578125 0.031088082901554404
9 0.7001953125 0.36722797927461137 0.017578125 0.02266839378238342
0 0.48583984375 0.33095854922279794 0.01953125 0.10297927461139897
3 0.71240234375 0.542098445595855 0.01806640625 0.16321243523316062
11 0.50537109375 0.9494818652849741 0.02880859375 0.03626943005181347
11 0.33984375 0.8322538860103627 0.029296875 0.025259067357512953
1 0.44921875 0.2033678756476684 0.02392578125 0.031088082901554404
0 0.669921875 0.7234455958549223 0.0556640625 0.08484455958549222
11 0.357421875 0.27396373056994816 0.0283203125 0.04598445595854922
5 0.66259765625 0.1955958549222798 0.0673828125 0.05699481865284974
1 0.556640625 0.20142487046632124 0.0283203125 0.04145077720207254
11 0.78564453125 0.6185233160621761 0.0244140625 0.033031088082901554
3 0.36572265625 0.8264248704663213 0.03466796875 0.15220207253886012
1 0.39013671875 0.2713730569948187 0.029296875 0.038860103626943004
7 0.70166015625 0.8018134715025906 0.0537109375 0.01878238341968912
0 0.21142578125 0.9546632124352331 0.01708984375 0.0822538860103627
2 0.435546875 0.26878238341968913 0.02392578125 0.06735751295336788
11 0.330078125 0.7331606217616581 0.0185546875 0.023316062176165803
8 0.71240234375 0.8426165803108808 0.03369140625 0.054404145077720206
11 0.244140625 0.23056994818652848 0.02978515625 0.02849740932642487
1 0.31396484375 0.21308290155440415 0.025390625 0.03173575129533679
1 0.80029296875 0.5090673575129534 0.03271484375 0.04015544041450777
1 0.49462890625 0.1716321243523316 0.02685546875 0.036917098445595854
0 0.33984375 0.5012953367875648 0.07421875 0.031088082901554404
0 0.46826171875 0.49676165803108807 0.080078125 0.023316062176165803
11 0.529296875 0.3633419689119171 0.02197265625 0.03950777202072539
2 0.29638671875 0.5110103626943006 0.04736328125 0.04987046632124352
2 0.21728515625 0.5408031088082902 0.04833984375 0.03044041450777202
11 0.72119140625 0.6288860103626943 0.0224609375 0.03756476683937824
0 0.72900390625 0.7072538860103627 0.03125 0.09650259067357513
1 0.5341796875 0.41321243523316065 0.0302734375 0.04145077720207254
2 0.63916015625 0.8503886010362695 0.0478515625 0.02461139896373057
0 0.44189453125 0.31411917098445596 0.046875 0.09261658031088082
0 0.505859375 0.9255181347150259 0.0703125 0.05310880829015544
2 0.67724609375 0.7597150259067358 0.02001953125 0.06541450777202072
2 0.625 0.7292746113989638 0.02001953125 0.0667098445595855
7 0.7001953125 0.8937823834196891 0.01953125 0.06217616580310881
3 0.283203125 0.16709844559585493 0.04541015625 0.14248704663212436
5 0.67724609375 0.1645077720207254 0.0615234375 0.05764248704663212
2 0.50341796875 0.33419689119170987 0.0224609375 0.06800518134715026
2 0.66943359375 0.5738341968911918 0.025390625 0.06930051813471502
2 0.37890625 0.47474093264248707 0.04345703125 0.05505181347150259
13 0.201171875 0.38860103626943004 0.015625 0.03821243523316062
0 0.3955078125 0.5440414507772021 0.072265625 0.054404145077720206
4 0.69384765625 0.6172279792746114 0.0302734375 0.04792746113989637
0 0.28955078125 0.6327720207253886 0.0556640625 0.08484455958549222
3 0.771484375 0.5544041450777202 0.1103515625 0.06994818652849741
7 0.6787109375 0.8698186528497409 0.0341796875 0.06735751295336788
13 0.34814453125 0.8167098445595855 0.0302734375 0.022020725388601035
13 0.78369140625 0.6994818652849741 0.0205078125 0.027202072538860103
13 0.45849609375 0.2707253886010363 0.02734375 0.03626943005181347