4 0.84130859375 0.7033678756476683 0.0185546875 0.056347150259067356
8 0.49658203125 0.10492227979274611 0.037109375 0.054404145077720206
8 0.49853515625 0.15155440414507773 0.0439453125 0.04339378238341969
7 0.38037109375 0.14378238341968913 0.0556640625 0.02266839378238342
10 0.60888671875 0.23316062176165803 0.0224609375 0.029145077720207253
13 0.4541015625 0.7564766839378239 0.0263671875 0.03044041450777202
13 0.23291015625 0.3646373056994819 0.0283203125 0.033031088082901554
9 0.71630859375 0.7402849740932642 0.025390625 0.02072538860103627
10 0.666015625 0.3633419689119171 0.013671875 0.03173575129533679
12 0.6767578125 0.2778497409326425 0.0283203125 0.019430051813471502
12 0.66650390625 0.3231865284974093 0.01806640625 0.03950777202072539
7 0.26513671875 0.10233160621761658 0.0205078125 0.06541450777202072
13 0.49609375 0.8581606217616581 0.01806640625 0.036917098445595854
11 0.26416015625 0.5330310880829016 0.02001953125 0.02655440414507772
8 0.44091796875 0.02266839378238342 0.029296875 0.04533678756476684
9 0.6982421875 0.7674870466321243 0.015625 0.031088082901554404
8 0.61572265625 0.12046632124352331 0.0537109375 0.021373056994818652
1 0.61181640625 0.8115284974093264 0.0283203125 0.04015544041450777
10 0.74658203125 0.36139896373056996 0.017578125 0.031088082901554404
11 0.25146484375 0.5362694300518135 0.0283203125 0.031088082901554404
9 0.7080078125 0.7227979274611399 0.0263671875 0.02461139896373057
6 0.2421875 0.14378238341968913 0.044921875 0.03950777202072539
1 0.58740234375 0.7610103626943006 0.02734375 0.03821243523316062
4 0.53955078125 0.18523316062176165 0.01806640625 0.05958549222797927
13 0.5439453125 0.9060880829015544 0.0224609375 0.029792746113989636
13 0.2138671875 0.38341968911917096 0.02783203125 0.019430051813471502
13 0.47265625 0.8924870466321243 0.0185546875 0.036917098445595854
13 0.2158203125 0.5485751295336787 0.02587890625 0.027849740932642485
13 0.1689453125 0.40414507772020725 0.02783203125 0.023963730569948185
7 0.72021484375 0.7856217616580311 0.03955078125 0.06541450777202072
1 0.44775390625 0.1094559585492228 0.02734375 0.03562176165803109
7 0.37353515625 0.17616580310880828 0.0537109375 0.01683937823834197
13 0.634765625 0.711139896373057 0.02978515625 0.023316062176165803
3 0.65234375 0.12564766839378239 0.12158203125 0.027202072538860103
13 0.4013671875 0.6917098445595855 0.02392578125 0.03173575129533679
2 0.4013671875 0.7182642487046632 0.0517578125 0.04209844559585492
7 0.8349609375 0.6832901554404145 0.03564453125 0.06347150259067358
11 0.55029296875 0.34585492227979275 0.02734375 0.03173575129533679
7 0.56298828125 0.7629533678756477 0.0419921875 0.05764248704663212
1 0.6181640625 0.9860751295336787 0.02734375 0.027849740932642485
5 0.27294921875 0.6113989637305699 0.05517578125 0.0744818652849741
4 0.81787109375 0.7143782383419689 0.04150390625 0.02655440414507772
12 0.7578125 0.5764248704663213 0.0244140625 0.03562176165803109
1 0.39111328125 0.5777202072538861 0.03662109375 0.04533678756476684
1 0.51123046875 0.7532383419689119 0.02392578125 0.033031088082901554
11 0.46142578125 0.7817357512953368 0.03125 0.025906735751295335
2 0.54296875 0.7636010362694301 0.0439453125 0.05181347150259067
6 0.5263671875 0.34196891191709844 0.03125 0.06217616580310881
2 0.375 0.7532383419689119 0.01953125 0.0667098445595855
7 0.68603515625 0.7351036269430051 0.02880859375 0.06865284974093264
0 0.2421875 0.5796632124352331 0.03271484375 0.09844559585492228
4 0.58935546875 0.14313471502590674 0.03271484375 0.044689119170984455
11 0.56982421875 0.4106217616580311 0.0244140625 0.03562176165803109
11 0.4111328125 0.9449481865284974 0.02734375 0.03432642487046632
7 0.619140625 0.7525906735751295 0.041015625 0.06217616580310881
11 0.517578125 0.23316062176165803 0.02197265625 0.03562176165803109
0 0.42578125 0.20854922279792745 0.07421875 0.04598445595854922
5 0.384765625 0.8963730569948186 0.01220703125 0.10362694300518134
2 0.7431640625 0.6437823834196891 0.0478515625 0.050518134715025906
2 0.5244140625 0.11658031088082901 0.046875 0.04404145077720207
2 0.6767578125 0.29533678756476683 0.05224609375 0.027202072538860103
0 0.38525390625 0.21502590673575128 0.04248046875 0.09067357512953368
2 0.59521484375 0.25259067357512954 0.0400390625 0.05764248704663212
11 0.40771484375 0.7435233160621761 0.029296875 0.027849740932642485
3 0.55029296875 0.23251295336787564 0.0166015625 0.15803108808290156
3 0.626953125 0.8426165803108808 0.11572265625 0.06865284974093264
11 0.69921875 0.35168393782383417 0.021484375 0.03562176165803109
1 0.4150390625 0.10297927461139897 0.0302734375 0.03626943005181347
0 0.41748046875 0.15414507772020725 0.0537109375 0.08484455958549222
0 0.375 0.8620466321243523 0.03466796875 0.09261658031088082
10 0.73876953125 0.029792746113989636 0.01806640625 0.03173575129533679
9 0.58349609375 0.6483160621761658 0.02294921875 0.02849740932642487
2 0.46240234375 0.5161917098445595 0.02001953125 0.06606217616580311
1 0.60107421875 0.3167098445595855 0.03466796875 0.04404145077720207
1 0.46875 0.9229274611398963 0.025390625 0.034974093264248704
2 0.83642578125 0.5990932642487047 0.03369140625 0.06606217616580311
2 0.330078125 0.5544041450777202 0.0498046875 0.025259067357512953
11 0.36181640625 0.697538860103627 0.02978515625 0.03173575129533679
0 0.28857421875 0.4844559585492228 0.0712890625 0.05893782383419689
5 0.24267578125 0.8853626943005182 0.03369140625 0.08808290155440414
12 0.6650390625 0.5874352331606217 0.0283203125 0.033031088082901554
0 0.35009765625 0.5038860103626943 0.05517578125 0.08937823834196891
6 0.5146484375 0.18134715025906736 0.0380859375 0.054404145077720206
3 0.3212890625 0.133419689119171 0.10498046875 0.07966321243523317
0 0.5498046875 0.8775906735751295 0.056640625 0.08160621761658031
0 0.35302734375 0.4339378238341969 0.0634765625 0.07577720207253887
5 0.22265625 0.7875647668393783 0.0615234375 0.05764248704663212
0 0.32568359375 0.3089378238341969 0.04541015625 0.09520725388601037
7 0.3603515625 0.1878238341968912 0.0556640625 0.027202072538860103