13 0.6767578125 0.358160621761658 0.03662109375 0.022020725388601035
7 0.73876953125 0.685880829015544 0.0458984375 0.05181347150259067
5 0.6318359375 0.3335492227979275 0.06884765625 0.06541450777202072
7 0.26806640625 0.2862694300518135 0.03955078125 0.052461139896373056
4 0.74072265625 0.4009067357512953 0.04248046875 0.04015544041450777
7 0.705078125 0.533678756476684 0.04150390625 0.05181347150259067
5 0.4853515625 0.2033678756476684 0.07177734375 0.044689119170984455
8 0.6357421875 0.3180051813471503 0.04736328125 0.04792746113989637
12 0.271484375 0.3270725388601036 0.02294921875 0.03173575129533679
13 0.6171875 0.28756476683937826 0.02001953125 0.025259067357512953
12 0.27685546875 0.7007772020725389 0.013671875 0.04792746113989637
13 0.6376953125 0.5932642487046632 0.0234375 0.03173575129533679
13 0.2568359375 0.24028497409326424 0.01904296875 0.036917098445595854
13 0.50390625 0.7338082901554405 0.0146484375 0.038860103626943004
5 0.28662109375 0.6716321243523317 0.037109375 0.1016839378238342
9 0.67822265625 0.3393782383419689 0.0166015625 0.034974093264248704
7 0.24755859375 0.22344559585492227 0.044921875 0.05181347150259067
6 0.73876953125 0.36139896373056996 0.04443359375 0.04404145077720207
7 0.25537109375 0.6418393782383419 0.0419921875 0.054404145077720206
8 0.353515625 0.2856217616580311 0.02001953125 0.06347150259067358
1 0.68115234375 0.6742227979274611 0.0263671875 0.03626943005181347
7 0.2919921875 0.3380829015544041 0.02587890625 0.07189119170984457
13 0.73876953125 0.6133419689119171 0.0185546875 0.036917098445595854
1 0.73388671875 0.42422279792746115 0.0244140625 0.03756476683937824
4 0.2705078125 0.832901554404145 0.02294921875 0.04792746113989637
7 0.3486328125 0.5492227979274611 0.03759765625 0.06023316062176166
7 0.828125 0.46567357512953367 0.02392578125 0.06994818652849741
2 0.4912109375 0.18911917098445596 0.0556640625 0.034974093264248704
13 0.39404296875 0.36204663212435234 0.017578125 0.04209844559585492
7 0.7216796875 0.46049222797927464 0.0283203125 0.0667098445595855
11 0.24853515625 0.3439119170984456 0.02490234375 0.036917098445595854
10 0.33056640625 0.5615284974093264 0.0234375 0.03173575129533679
3 0.69775390625 0.6599740932642487 0.03125 0.16191709844559585
0 0.77490234375 0.6897668393782384 0.064453125 0.01878238341968912
11 0.25537109375 0.7493523316062176 0.02685546875 0.03238341968911917
1 0.638671875 0.805699481865285 0.0322265625 0.04598445595854922
10 0.58203125 0.5343264248704663 0.0146484375 0.03367875647668394
1 0.650390625 0.6742227979274611 0.03662109375 0.04533678756476684
3 0.49755859375 0.11204663212435233 0.12353515625 0.023963730569948185
13 0.3623046875 0.25323834196891193 0.0263671875 0.02849740932642487
0 0.4453125 0.16321243523316062 0.0771484375 0.02655440414507772
11 0.54296875 0.7778497409326425 0.02783203125 0.03432642487046632
6 0.63037109375 0.2655440414507772 0.013671875 0.06800518134715026
1 0.50048828125 0.6211139896373057 0.0263671875 0.03432642487046632
1 0.45166015625 0.44559585492227977 0.0283203125 0.03432642487046632
6 0.36962890625 0.7772020725388601 0.05615234375 0.02461139896373057
11 0.24462890625 0.8724093264248705 0.01904296875 0.038860103626943004
0 0.31689453125 0.7966321243523317 0.07275390625 0.04404145077720207
10 0.3212890625 0.38341968911917096 0.02490234375 0.02655440414507772
1 0.2880859375 0.7454663212435233 0.02685546875 0.03367875647668394
1 0.3779296875 0.5997409326424871 0.02490234375 0.03367875647668394
0 0.61669921875 0.8471502590673575 0.06640625 0.06217616580310881
1 0.408203125 0.6580310880829016 0.0244140625 0.034974093264248704
0 0.29052734375 0.2862694300518135 0.06787109375 0.05893782383419689
7 0.42822265625 0.6003886010362695 0.041015625 0.06347150259067358
11 0.4482421875 0.7875647668393783 0.02099609375 0.04209844559585492
2 0.74072265625 0.6547927461139896 0.04931640625 0.025906735751295335
9 0.3134765625 0.7221502590673575 0.01611328125 0.03173575129533679
3 0.712890625 0.36528497409326427 0.0361328125 0.15349740932642486
0 0.498046875 0.16126943005181346 0.0732421875 0.036917098445595854
1 0.15673828125 0.5880829015544041 0.03125 0.04209844559585492
11 0.2900390625 0.5136010362694301 0.029296875 0.034974093264248704
2 0.73193359375 0.7512953367875648 0.04931640625 0.03238341968911917
11 0.70751953125 0.8335492227979274 0.02880859375 0.027849740932642485
0 0.51416015625 0.2104922279792746 0.07470703125 0.04987046632124352
0 0.30029296875 0.6224093264248705 0.068359375 0.054404145077720206
13 0.31103515625 0.3471502590673575 0.02294921875 0.029145077720207253
12 0.33837890625 0.27461139896373055 0.03369140625 0.02072538860103627
0 0.42626953125 0.5777202072538861 0.05078125 0.08937823834196891
4 0.3974609375 0.569300518134715 0.04150390625 0.027202072538860103
2 0.56689453125 0.8743523316062176 0.0419921875 0.05569948186528497
2 0.8154296875 0.36528497409326427 0.048828125 0.02461139896373057
11 0.3623046875 0.46632124352331605 0.02978515625 0.033031088082901554
11 0.43896484375 0.29533678756476683 0.021484375 0.03950777202072539
11 0.51025390625 0.30505181347150256 0.02099609375 0.03821243523316062
4 0.23095703125 0.33678756476683935 0.03369140625 0.03821243523316062
2 0.77880859375 0.758419689119171 0.04248046875 0.05375647668393782
5 0.705078125 0.5932642487046632 0.06103515625 0.07512953367875648
2 0.57861328125 0.8367875647668394 0.05078125 0.031088082901554404
8 0.73388671875 0.2778497409326425 0.02783203125 0.06347150259067358
2 0.23486328125 0.26360103626943004 0.037109375 0.06282383419689119
6 0.517578125 0.7713730569948186 0.01708984375 0.07253886010362694
2 0.72314453125 0.17810880829015543 0.041015625 0.05829015544041451
9 0.2412109375 0.7752590673575129 0.01953125 0.02655440414507772
3 0.3662109375 0.6541450777202072 0.08251953125 0.13665803108808292
2 0.21875 0.23186528497409326 0.046875 0.044689119170984455
0 0.2529296875 0.6936528497409327 0.0576171875 0.086139896373057
12 0.27099609375 0.34132124352331605 0.02099609375 0.038860103626943004
8 0.50927734375 0.12305699481865284 0.05810546875 0.016191709844559584
10 0.53271484375 0.13795336787564766 0.03173828125 0.017487046632124352
13 0.32373046875 0.2869170984455959 0.021484375 0.04792746113989637
9 0.51171875 0.17422279792746115 0.02783203125 0.029145077720207253