7 0.22509765625 0.4255181347150259 0.04931640625 0.04987046632124352
7 0.47265625 0.24870466321243523 0.02392578125 0.07189119170984457
5 0.705078125 0.2713730569948187 0.0361328125 0.09196891191709844
12 0.18115234375 0.6988341968911918 0.01416015625 0.042746113989637305
13 0.220703125 0.14961139896373057 0.01806640625 0.03432642487046632
8 0.4765625 0.3128238341968912 0.05029296875 0.027849740932642485
13 0.25244140625 0.4099740932642487 0.021484375 0.03562176165803109
10 0.46044921875 0.22538860103626943 0.01513671875 0.036917098445595854
13 0.51708984375 0.3393782383419689 0.02490234375 0.033031088082901554
9 0.58642578125 0.6146373056994818 0.0205078125 0.03432642487046632
4 0.18359375 0.23963730569948186 0.03662109375 0.02072538860103627
9 0.3857421875 0.6088082901554405 0.02294921875 0.020077720207253884
10 0.35693359375 0.4009067357512953 0.01513671875 0.033031088082901554
12 0.26806640625 0.4520725388601036 0.0341796875 0.021373056994818652
6 0.2119140625 0.658678756476684 0.01904296875 0.06411917098445596
7 0.40869140625 0.7746113989637305 0.0517578125 0.033031088082901554
10 0.4248046875 0.22020725388601037 0.02197265625 0.03173575129533679
11 0.3115234375 0.8471502590673575 0.03466796875 0.025906735751295335
13 0.18359375 0.3944300518134715 0.0234375 0.02849740932642487
13 0.623046875 0.19235751295336787 0.0302734375 0.02266839378238342
13 0.5888671875 0.15738341968911918 0.01806640625 0.034974093264248704
13 0.4853515625 0.6010362694300518 0.01611328125 0.038860103626943004
0 0.22412109375 0.6360103626943006 0.021484375 0.09974093264248704
7 0.650390625 0.5505181347150259 0.05419921875 0.031088082901554404
8 0.48291015625 0.24935233160621761 0.0283203125 0.06865284974093264
8 0.189453125 0.6619170984455959 0.025390625 0.06994818652849741
7 0.3623046875 0.7979274611398963 0.0478515625 0.04987046632124352
1 0.43115234375 0.15867875647668395 0.03271484375 0.04598445595854922
11 0.4140625 0.6172279792746114 0.02734375 0.020077720207253884
11 0.3857421875 0.16580310880829016 0.02978515625 0.02461139896373057
7 0.17431640625 0.37176165803108807 0.05078125 0.027849740932642485
11 0.51611328125 0.18264248704663213 0.03076171875 0.022020725388601035
11 0.51708984375 0.29922279792746115 0.02783203125 0.029792746113989636
11 0.38818359375 0.8069948186528497 0.0341796875 0.033031088082901554
0 0.51513671875 0.21955958549222798 0.07421875 0.025906735751295335
13 0.4287109375 0.3121761658031088 0.0283203125 0.023963730569948185
3 0.53759765625 0.7331606217616581 0.1064453125 0.09909326424870467
0 0.2001953125 0.6107512953367875 0.0166015625 0.09844559585492228
2 0.29150390625 0.7953367875647669 0.0244140625 0.06735751295336788
9 0.63818359375 0.09909326424870467 0.021484375 0.027849740932642485
6 0.4794921875 0.7266839378238342 0.0166015625 0.06800518134715026
1 0.38818359375 0.18523316062176165 0.02685546875 0.03626943005181347
11 0.5654296875 0.6107512953367875 0.025390625 0.03173575129533679
2 0.68701171875 0.8322538860103627 0.048828125 0.04598445595854922
4 0.29248046875 0.4255181347150259 0.017578125 0.05375647668393782
11 0.2060546875 0.15479274611398963 0.02734375 0.03173575129533679
2 0.2080078125 0.6923575129533679 0.02392578125 0.06994818652849741
4 0.51220703125 0.2862694300518135 0.0380859375 0.04339378238341969
2 0.5078125 0.7286269430051814 0.05029296875 0.05375647668393782
0 0.16748046875 0.30569948186528495 0.017578125 0.09520725388601037
1 0.44873046875 0.14766839378238342 0.0283203125 0.03562176165803109
7 0.6103515625 0.5440414507772021 0.04638671875 0.05181347150259067
2 0.505859375 0.3490932642487047 0.04736328125 0.04727979274611399
2 0.37060546875 0.844559585492228 0.0263671875 0.06476683937823834
6 0.64453125 0.7558290155440415 0.03955078125 0.05829015544041451
12 0.14453125 0.741580310880829 0.02880859375 0.023316062176165803
5 0.6845703125 0.47603626943005184 0.07763671875 0.03562176165803109
5 0.52587890625 0.19883419689119172 0.07373046875 0.033031088082901554
10 0.2685546875 0.9760362694300518 0.02001953125 0.029792746113989636
7 0.17333984375 0.7791450777202072 0.05029296875 0.02461139896373057
0 0.29833984375 0.8218911917098446 0.02783203125 0.09974093264248704
11 0.6689453125 0.7014248704663213 0.0283203125 0.027849740932642485
12 0.6982421875 0.2551813471502591 0.0244140625 0.03626943005181347
1 0.82568359375 0.5440414507772021 0.02880859375 0.034974093264248704
1 0.5498046875 0.1411917098445596 0.0322265625 0.04145077720207254
1 0.54296875 0.1794041450777202 0.02734375 0.03367875647668394
0 0.654296875 0.783678756476684 0.0712890625 0.056347150259067356
9 0.27734375 0.3743523316062176 0.01806640625 0.031088082901554404
2 0.31005859375 0.25194300518134716 0.0498046875 0.025259067357512953
0 0.14501953125 0.7020725388601037 0.0390625 0.0900259067357513
11 0.40673828125 0.5874352331606217 0.02587890625 0.03950777202072539
0 0.1923828125 0.3018134715025907 0.0302734375 0.09650259067357513
7 0.24169921875 0.6023316062176166 0.04931640625 0.05375647668393782
2 0.1396484375 0.36139896373056996 0.0283203125 0.06023316062176166
1 0.41845703125 0.34974093264248707 0.02978515625 0.04598445595854922
0 0.50537109375 0.37176165803108807 0.06982421875 0.06735751295336788
2 0.384765625 0.5589378238341969 0.05078125 0.025906735751295335
2 0.59375 0.07253886010362694 0.02734375 0.06411917098445596
1 0.5322265625 0.04987046632124352 0.0263671875 0.036917098445595854
1 0.39208984375 0.9177461139896373 0.029296875 0.040803108808290155
1 0.3779296875 0.4475388601036269 0.0341796875 0.03950777202072539
3 0.43603515625 0.21955958549222798 0.07421875 0.13730569948186527
4 0.2197265625 0.11204663212435233 0.0205078125 0.050518134715025906
0 0.41064453125 0.663860103626943 0.05029296875 0.09132124352331607
6 0.27392578125 0.7953367875647669 0.013671875 0.06735751295336788
5 0.78564453125 0.24870466321243523 0.0595703125 0.06217616580310881
3 0.64306640625 0.2810880829015544 0.04736328125 0.15414507772020725
3 0.5693359375 0.663860103626943 0.08740234375 0.13471502590673576
8 0.19189453125 0.07642487046632124 0.04248046875 0.05375647668393782
7 0.4228515625 0.6340673575129534 0.0205078125 0.0783678756476684
13 0.5166015625 0.2616580310880829 0.03125 0.021373056994818652
13 0.4169921875 0.6573834196891192 0.01611328125 0.042746113989637305