10 0.21533203125 0.6677461139896373 0.0234375 0.033031088082901554
13 0.29931640625 0.5090673575129534 0.029296875 0.022020725388601035
12 0.2822265625 0.27979274611398963 0.033203125 0.02072538860103627
5 0.431640625 0.6373056994818653 0.06787109375 0.05764248704663212
9 0.61865234375 0.8737046632124352 0.021484375 0.022020725388601035
5 0.51904296875 0.2266839378238342 0.02734375 0.1016839378238342
13 0.361328125 0.780440414507772 0.0166015625 0.034974093264248704
13 0.60986328125 0.8886010362694301 0.025390625 0.03238341968911917
8 0.23681640625 0.6651554404145078 0.021484375 0.0667098445595855
10 0.71630859375 0.6049222797927462 0.02685546875 0.02655440414507772
13 0.26513671875 0.8400259067357513 0.02880859375 0.02266839378238342
13 0.5869140625 0.3432642487046632 0.01611328125 0.044689119170984455
13 0.50244140625 0.23316062176165803 0.02978515625 0.031088082901554404
12 0.29443359375 0.758419689119171 0.03125 0.02655440414507772
12 0.3232421875 0.5764248704663213 0.02001953125 0.03950777202072539
13 0.56884765625 0.34196891191709844 0.0244140625 0.029792746113989636
8 0.5849609375 0.11398963730569948 0.02099609375 0.06411917098445596
4 0.52734375 0.21567357512953367 0.015625 0.05375647668393782
9 0.50634765625 0.086139896373057 0.0234375 0.03044041450777202
8 0.2490234375 0.5628238341968912 0.01806640625 0.06606217616580311
13 0.5341796875 0.5777202072538861 0.0263671875 0.029145077720207253
11 0.294921875 0.24935233160621761 0.02734375 0.02461139896373057
5 0.42529296875 0.27914507772020725 0.07861328125 0.022020725388601035
10 0.69677734375 0.12823834196891193 0.013671875 0.03432642487046632
4 0.69873046875 0.4022020725388601 0.04248046875 0.029145077720207253
7 0.52099609375 0.5459844559585493 0.02099609375 0.0783678756476684
7 0.3798828125 0.3905440414507772 0.0234375 0.07124352331606218
11 0.271484375 0.25971502590673573 0.02490234375 0.031088082901554404
6 0.27587890625 0.5783678756476683 0.02734375 0.06735751295336788
10 0.6611328125 0.37823834196891193 0.02587890625 0.025259067357512953
11 0.56884765625 0.12759067357512954 0.01806640625 0.03821243523316062
7 0.6904296875 0.22344559585492227 0.0341796875 0.06800518134715026
4 0.59814453125 0.7577720207253886 0.01318359375 0.05116580310880829
7 0.67138671875 0.3866580310880829 0.05419921875 0.03367875647668394
9 0.29052734375 0.9047927461139896 0.0185546875 0.029792746113989636
0 0.24560546875 0.025906735751295335 0.0732421875 0.02461139896373057
4 0.22412109375 0.6968911917098446 0.03173828125 0.042746113989637305
1 0.76708984375 0.7797927461139896 0.0302734375 0.04145077720207254
7 0.68603515625 0.30505181347150256 0.03955078125 0.04404145077720207
7 0.267578125 0.5382124352331606 0.0166015625 0.07707253886010362
7 0.64111328125 0.9449481865284974 0.0390625 0.05310880829015544
1 0.7099609375 0.2869170984455959 0.033203125 0.04533678756476684
0 0.607421875 0.9073834196891192 0.04296875 0.08678756476683938
1 0.71240234375 0.7668393782383419 0.025390625 0.03626943005181347
11 0.2802734375 0.22085492227979275 0.02001953125 0.034974093264248704
0 0.27783203125 0.1949481865284974 0.07470703125 0.023963730569948185
7 0.4599609375 0.5919689119170984 0.04736328125 0.05375647668393782
11 0.6748046875 0.13730569948186527 0.0322265625 0.027202072538860103
11 0.60595703125 0.12629533678756477 0.0302734375 0.036917098445595854
11 0.330078125 0.26878238341968913 0.02001953125 0.03821243523316062
6 0.27880859375 0.8173575129533679 0.044921875 0.04598445595854922
12 0.720703125 0.3853626943005181 0.02978515625 0.029145077720207253
3 0.56005859375 0.211139896373057 0.09521484375 0.12629533678756477
2 0.56640625 0.8672279792746114 0.046875 0.04792746113989637
1 0.68017578125 0.7130829015544041 0.0322265625 0.03432642487046632
7 0.43505859375 0.3231865284974093 0.0419921875 0.06347150259067358
2 0.20849609375 0.05893782383419689 0.04736328125 0.02072538860103627
0 0.5458984375 0.3069948186528497 0.072265625 0.08484455958549222
8 0.27978515625 0.508419689119171 0.03369140625 0.05893782383419689
1 0.771484375 0.5097150259067358 0.0263671875 0.044689119170984455
0 0.30126953125 0.7882124352331606 0.0673828125 0.05569948186528497
0 0.5234375 0.6386010362694301 0.07666015625 0.031088082901554404
2 0.2060546875 0.2104922279792746 0.03955078125 0.05699481865284974
1 0.24853515625 0.24481865284974094 0.0244140625 0.031088082901554404
0 0.21533203125 0.8160621761658031 0.02734375 0.0977979274611399
0 0.447265625 0.31994818652849744 0.05029296875 0.08678756476683938
2 0.16552734375 0.5058290155440415 0.04736328125 0.050518134715025906
6 0.74365234375 0.841321243523316 0.0224609375 0.06347150259067358
11 0.6044921875 0.327720207253886 0.02783203125 0.03562176165803109
2 0.64501953125 0.47474093264248707 0.03466796875 0.06606217616580311
3 0.6142578125 0.23898963730569947 0.099609375 0.11398963730569948
1 0.56640625 0.5414507772020726 0.03076171875 0.04339378238341969
2 0.66015625 0.8458549222797928 0.04443359375 0.04987046632124352
0 0.67138671875 0.1871761658031088 0.04248046875 0.0900259067357513
3 0.23486328125 0.8594559585492227 0.07958984375 0.12240932642487047
11 0.486328125 0.3957253886010363 0.02734375 0.03432642487046632
6 0.36083984375 0.8678756476683938 0.03466796875 0.05829015544041451
2 0.35302734375 0.3270725388601036 0.03466796875 0.06152849740932642
11 0.37255859375 0.3121761658031088 0.02685546875 0.03821243523316062
1 0.2119140625 0.18458549222797926 0.03125 0.04339378238341969
2 0.4375 0.06476683937823834 0.03369140625 0.06411917098445596
1 0.77978515625 0.38147668393782386 0.03271484375 0.044689119170984455
1 0.2373046875 0.6146373056994818 0.03466796875 0.044689119170984455
0 0.576171875 0.814119170984456 0.05322265625 0.08484455958549222
7 0.4609375 0.7895077720207254 0.03759765625 0.06023316062176166
2 0.26953125 0.8613989637305699 0.04931640625 0.038860103626943004
2 0.6181640625 0.8452072538860104 0.04345703125 0.04922279792746114
3 0.6865234375 0.5110103626943006 0.017578125 0.16191709844559585
5 0.46337890625 0.5660621761658031 0.0849609375 0.02266839378238342
9 0.6005859375 0.1327720207253886 0.025390625 0.02655440414507772
13 0.66748046875 0.28886010362694303 0.02294921875 0.04533678756476684
13 0.30224609375 0.5958549222797928 0.0205078125 0.034974093264248704