13 0.26220703125 0.6392487046632125 0.02880859375 0.019430051813471502
4 0.26123046875 0.12888601036269431 0.025390625 0.044689119170984455
10 0.255859375 0.6593264248704663 0.0166015625 0.03238341968911917
11 0.67333984375 0.19753886010362695 0.02001953125 0.03821243523316062
9 0.24609375 0.6994818652849741 0.02099609375 0.029792746113989636
7 0.50341796875 0.7351036269430051 0.0146484375 0.07383419689119171
8 0.41845703125 0.28821243523316065 0.0224609375 0.06476683937823834
5 0.189453125 0.24093264248704663 0.02880859375 0.0939119170984456
7 0.380859375 0.694300518134715 0.05517578125 0.03173575129533679
10 0.66455078125 0.8277202072538861 0.02783203125 0.022020725388601035
6 0.20263671875 0.24870466321243523 0.01611328125 0.0744818652849741
8 0.4892578125 0.6567357512953368 0.0498046875 0.034974093264248704
12 0.3623046875 0.22150259067357514 0.0263671875 0.03626943005181347
7 0.7724609375 0.7661917098445595 0.0185546875 0.07318652849740932
7 0.18408203125 0.26360103626943004 0.02294921875 0.0667098445595855
5 0.73193359375 0.18523316062176165 0.06640625 0.05893782383419689
8 0.2099609375 0.7124352331606217 0.013671875 0.06606217616580311
13 0.2705078125 0.6690414507772021 0.013671875 0.03756476683937824
13 0.47314453125 0.8277202072538861 0.0302734375 0.02461139896373057
12 0.74072265625 0.45919689119170987 0.02294921875 0.04339378238341969
0 0.7490234375 0.2700777202072539 0.0693359375 0.019430051813471502
13 0.73779296875 0.5595854922279793 0.01806640625 0.03626943005181347
9 0.6796875 0.28821243523316065 0.0263671875 0.02461139896373057
10 0.39013671875 0.29857512953367876 0.02490234375 0.03173575129533679
13 0.44970703125 0.7914507772020726 0.0263671875 0.03950777202072539
7 0.35205078125 0.19624352331606218 0.03759765625 0.04792746113989637
2 0.7607421875 0.7564766839378239 0.0166015625 0.07253886010362694
5 0.59033203125 0.8685233160621761 0.0576171875 0.0822538860103627
7 0.3857421875 0.25841968911917096 0.015625 0.07253886010362694
7 0.2470703125 0.14766839378238342 0.05224609375 0.027202072538860103
8 0.32958984375 0.2862694300518135 0.04345703125 0.044689119170984455
13 0.6630859375 0.23056994818652848 0.0244140625 0.03367875647668394
11 0.66650390625 0.2966321243523316 0.0205078125 0.03950777202072539
13 0.5703125 0.44689119170984454 0.03173828125 0.025906735751295335
1 0.7861328125 0.8115284974093264 0.029296875 0.04145077720207254
4 0.548828125 0.3134715025906736 0.0390625 0.031088082901554404
0 0.7451171875 0.24352331606217617 0.07568359375 0.02266839378238342
4 0.6708984375 0.6994818652849741 0.037109375 0.029792746113989636
1 0.71923828125 0.8400259067357513 0.02490234375 0.038860103626943004
13 0.36328125 0.5155440414507773 0.0185546875 0.03562176165803109
12 0.4140625 0.6049222797927462 0.021484375 0.03821243523316062
10 0.59423828125 0.8154145077720207 0.0234375 0.03173575129533679
6 0.521484375 0.6832901554404145 0.01904296875 0.07253886010362694
5 0.75244140625 0.5265544041450777 0.03271484375 0.10038860103626943
7 0.32861328125 0.44624352331606215 0.03466796875 0.06541450777202072
1 0.55078125 0.6353626943005182 0.03369140625 0.04339378238341969
2 0.5869140625 0.655440414507772 0.046875 0.052461139896373056
2 0.6962890625 0.8439119170984456 0.02978515625 0.06541450777202072
11 0.3251953125 0.19753886010362695 0.0234375 0.033031088082901554
1 0.779296875 0.6748704663212435 0.029296875 0.03756476683937824
11 0.62890625 0.8154145077720207 0.02783203125 0.029145077720207253
11 0.73046875 0.3225388601036269 0.02099609375 0.03821243523316062
6 0.58056640625 0.8283678756476683 0.01953125 0.0667098445595855
11 0.69921875 0.6288860103626943 0.0302734375 0.031088082901554404
3 0.7734375 0.3238341968911917 0.02783203125 0.16062176165803108
1 0.390625 0.7059585492227979 0.0283203125 0.03562176165803109
0 0.6259765625 0.2810880829015544 0.0166015625 0.1016839378238342
12 0.3154296875 0.26424870466321243 0.02392578125 0.04015544041450777
1 0.61669921875 0.6832901554404145 0.02978515625 0.04015544041450777
1 0.79443359375 0.4339378238341969 0.03271484375 0.04404145077720207
2 0.75244140625 0.814119170984456 0.04736328125 0.03432642487046632
0 0.71337890625 0.7130829015544041 0.07470703125 0.04145077720207254
9 0.40576171875 0.5330310880829016 0.0185546875 0.031088082901554404
11 0.560546875 0.8044041450777202 0.02001953125 0.03821243523316062
0 0.23095703125 0.7091968911917098 0.03466796875 0.09455958549222798
13 0.4033203125 0.2338082901554404 0.02734375 0.025259067357512953
3 0.740234375 0.7215025906735751 0.11865234375 0.06088082901554404
11 0.482421875 0.36139896373056996 0.0224609375 0.038860103626943004
0 0.3271484375 0.12953367875647667 0.0224609375 0.09650259067357513
1 0.66015625 0.8076424870466321 0.0244140625 0.03432642487046632
1 0.2734375 0.7551813471502591 0.03173828125 0.04015544041450777
2 0.28173828125 0.5427461139896373 0.02978515625 0.06541450777202072
1 0.37939453125 0.6677461139896373 0.03125 0.040803108808290155
3 0.28369140625 0.49352331606217614 0.0537109375 0.1489637305699482
2 0.22265625 0.0822538860103627 0.046875 0.021373056994818652
2 0.310546875 0.5582901554404145 0.0390625 0.05958549222797927
11 0.47900390625 0.802461139896373 0.0185546875 0.038860103626943004
2 0.1787109375 0.4255181347150259 0.02685546875 0.06411917098445596
2 0.5283203125 0.20207253886010362 0.03759765625 0.06217616580310881
2 0.1494140625 0.7687823834196891 0.04296875 0.04792746113989637
7 0.1689453125 0.7875647668393783 0.029296875 0.06217616580310881
0 0.62158203125 0.5803108808290155 0.0537109375 0.08873056994818652
6 0.36279296875 0.28367875647668395 0.04150390625 0.06282383419689119
0 0.6962890625 0.4183937823834197 0.05908203125 0.08290155440414508
0 0.19482421875 0.29987046632124353 0.07177734375 0.046632124352331605
0 0.70947265625 0.46049222797927464 0.068359375 0.04598445595854922
3 0.58447265625 0.1871761658031088 0.07080078125 0.13665803108808292
9 0.65234375 0.19948186528497408 0.0205078125 0.03173575129533679
13 0.18310546875 0.280440414507772 0.029296875 0.03044041450777202
11 0.76416015625 0.788860103626943 0.033203125 0.027849740932642485
4 0.3623046875 0.24805699481865284 0.02978515625 0.05116580310880829