8 0.537109375 0.7746113989637305 0.01708984375 0.06282383419689119
7 0.69970703125 0.49870466321243523 0.0576171875 0.02849740932642487
4 0.45263671875 0.5408031088082902 0.03857421875 0.03044041450777202
12 0.45068359375 0.6496113989637305 0.03076171875 0.025259067357512953
13 0.54638671875 0.788860103626943 0.0185546875 0.03626943005181347
4 0.49462890625 0.7117875647668394 0.01806640625 0.05310880829015544
12 0.45751953125 0.8251295336787565 0.0166015625 0.03950777202072539
7 0.6552734375 0.2862694300518135 0.0576171875 0.021373056994818652
1 0.736328125 0.4520725388601036 0.02978515625 0.04145077720207254
7 0.19091796875 0.7402849740932642 0.02099609375 0.06800518134715026
13 0.759765625 0.4838082901554404 0.0224609375 0.034974093264248704
7 0.133056640625 0.4115932642487047 0.02001953125 0.0783678756476684
9 0.5654296875 0.6321243523316062 0.017578125 0.03626943005181347
7 0.72021484375 0.5233160621761658 0.04443359375 0.04922279792746114
7 0.5625 0.6748704663212435 0.04443359375 0.06282383419689119
4 0.34619140625 0.4106217616580311 0.02783203125 0.052461139896373056
12 0.5732421875 0.18199481865284975 0.0126953125 0.042746113989637305
6 0.208984375 0.7512953367875648 0.0166015625 0.0705958549222798
5 0.27392578125 0.3801813471502591 0.076171875 0.04145077720207254
10 0.57177734375 0.8821243523316062 0.0224609375 0.031088082901554404
11 0.7119140625 0.5472797927461139 0.02978515625 0.02655440414507772
4 0.73046875 0.5433937823834197 0.01904296875 0.05375647668393782
8 0.412109375 0.9203367875647669 0.01611328125 0.06347150259067358
13 0.70263671875 0.4099740932642487 0.0234375 0.03044041450777202
0 0.685546875 0.39831606217616583 0.0458984375 0.09067357512953368
13 0.32666015625 0.405440414507772 0.02197265625 0.03432642487046632
1 0.68896484375 0.23186528497409326 0.0224609375 0.03950777202072539
11 0.67919921875 0.34067357512953367 0.02587890625 0.03432642487046632
7 0.5380859375 0.8471502590673575 0.01953125 0.06735751295336788
11 0.47412109375 0.327720207253886 0.02099609375 0.036917098445595854
8 0.51416015625 0.7940414507772021 0.044921875 0.044689119170984455
9 0.46044921875 0.30310880829015546 0.01904296875 0.02655440414507772
1 0.302734375 0.5569948186528497 0.037109375 0.04015544041450777
3 0.35986328125 0.4209844559585492 0.1181640625 0.06152849740932642
13 0.521484375 0.3167098445595855 0.01953125 0.03821243523316062
7 0.4912109375 0.47538860103626945 0.052734375 0.042746113989637305
10 0.29541015625 0.49417098445595853 0.02294921875 0.034974093264248704
8 0.57568359375 0.6178756476683938 0.02099609375 0.06735751295336788
1 0.66552734375 0.22538860103626943 0.0263671875 0.03821243523316062
2 0.6640625 0.7435233160621761 0.05126953125 0.036917098445595854
10 0.69580078125 0.3426165803108808 0.02490234375 0.025906735751295335
5 0.63916015625 0.6968911917098446 0.0517578125 0.08354922279792747
13 0.5048828125 0.32966321243523317 0.0283203125 0.03173575129533679
9 0.3125 0.5841968911917098 0.0224609375 0.029145077720207253
11 0.64697265625 0.34196891191709844 0.02734375 0.03238341968911917
11 0.548828125 0.6360103626943006 0.02880859375 0.04015544041450777
0 0.66259765625 0.25129533678756477 0.07421875 0.03432642487046632
3 0.67236328125 0.5343264248704663 0.11474609375 0.06930051813471502
0 0.4716796875 0.5233160621761658 0.05615234375 0.08290155440414508
0 0.1611328125 0.5854922279792746 0.033203125 0.09196891191709844
7 0.58154296875 0.792098445595855 0.0244140625 0.06411917098445596
1 0.796875 0.5634715025906736 0.02978515625 0.04209844559585492
2 0.5712890625 0.12046632124352331 0.03759765625 0.06282383419689119
2 0.7158203125 0.20077720207253885 0.048828125 0.027202072538860103
1 0.7724609375 0.8277202072538861 0.0322265625 0.04015544041450777
0 0.6953125 0.48251295336787564 0.07177734375 0.04598445595854922
0 0.6416015625 0.7733160621761658 0.072265625 0.042746113989637305
1 0.2548828125 0.5887305699481865 0.0341796875 0.044689119170984455
6 0.41943359375 0.6437823834196891 0.02587890625 0.06476683937823834
11 0.50048828125 0.3588082901554404 0.02197265625 0.03626943005181347
11 0.4609375 0.6729274611398963 0.0322265625 0.02849740932642487
11 0.541015625 0.20790155440414507 0.029296875 0.027849740932642485
11 0.72802734375 0.6133419689119171 0.0283203125 0.03238341968911917
2 0.22607421875 0.9158031088082902 0.0478515625 0.025259067357512953
1 0.53759765625 0.37176165803108807 0.0341796875 0.04145077720207254
1 0.77197265625 0.27202072538860106 0.02880859375 0.03821243523316062
10 0.67138671875 0.3089378238341969 0.01416015625 0.03367875647668394
5 0.35498046875 0.5226683937823834 0.05029296875 0.08678756476683938
2 0.7646484375 0.4112694300518135 0.03857421875 0.06282383419689119
6 0.5908203125 0.6534974093264249 0.0380859375 0.05764248704663212
13 0.6240234375 0.25971502590673573 0.01904296875 0.03367875647668394
7 0.73828125 0.7713730569948186 0.04248046875 0.05699481865284974
2 0.2607421875 0.02849740932642487 0.04443359375 0.04598445595854922
2 0.169921875 0.43588082901554404 0.0390625 0.05958549222797927
0 0.1982421875 0.6994818652849741 0.06591796875 0.0705958549222798
1 0.2705078125 0.49158031088082904 0.03369140625 0.04404145077720207
3 0.3994140625 0.5278497409326425 0.03515625 0.15803108808290156
2 0.47900390625 0.7325129533678757 0.0302734375 0.06476683937823834
11 0.63916015625 0.6645077720207254 0.021484375 0.03756476683937824
2 0.1796875 0.572538860103627 0.02734375 0.06347150259067358
2 0.29833984375 0.04598445595854922 0.037109375 0.05699481865284974
0 0.19384765625 0.3160621761658031 0.0341796875 0.09326424870466321
3 0.28759765625 0.08937823834196891 0.109375 0.08419689119170984
0 0.755859375 0.5246113989637305 0.03564453125 0.0977979274611399
0 0.58349609375 0.844559585492228 0.05908203125 0.08354922279792747
6 0.3134765625 0.3957253886010363 0.02880859375 0.0705958549222798
5 0.193359375 0.7616580310880829 0.03125 0.0977979274611399
13 0.4365234375 0.6625647668393783 0.015625 0.03821243523316062
13 0.18212890625 0.7176165803108808 0.0302734375 0.022020725388601035
9 0.45751953125 0.5272020725388601 0.0185546875 0.023963730569948185
13 0.57763671875 0.8231865284974094 0.01806640625 0.03756476683937824