12 0.68017578125 0.05181347150259067 0.01318359375 0.04145077720207254
6 0.82421875 0.7027202072538861 0.0458984375 0.036917098445595854
10 0.4296875 0.7448186528497409 0.0244140625 0.027849740932642485
12 0.49267578125 0.40025906735751293 0.02099609375 0.04145077720207254
8 0.57373046875 0.6599740932642487 0.0400390625 0.05505181347150259
4 0.33349609375 0.3290155440414508 0.029296875 0.02461139896373057
13 0.8408203125 0.3898963730569948 0.02978515625 0.02266839378238342
12 0.294921875 0.6917098445595855 0.03515625 0.023316062176165803
9 0.72314453125 0.29468911917098445 0.0146484375 0.031088082901554404
7 0.40087890625 0.21567357512953367 0.013671875 0.06994818652849741
7 0.78515625 0.12305699481865284 0.04931640625 0.02655440414507772
7 0.4248046875 0.21437823834196892 0.03857421875 0.05958549222797927
13 0.708984375 0.29015544041450775 0.0185546875 0.029145077720207253
9 0.37353515625 0.8186528497409327 0.017578125 0.02655440414507772
8 0.51025390625 0.4112694300518135 0.0146484375 0.06800518134715026
13 0.3486328125 0.7020725388601037 0.0224609375 0.03238341968911917
10 0.3291015625 0.7325129533678757 0.02197265625 0.02849740932642487
5 0.24755859375 0.43005181347150256 0.052734375 0.08484455958549222
4 0.66259765625 0.8827720207253886 0.0166015625 0.052461139896373056
1 0.36376953125 0.4579015544041451 0.02490234375 0.029792746113989636
9 0.515625 0.5498704663212435 0.0185546875 0.031088082901554404
2 0.82568359375 0.7461139896373057 0.01416015625 0.06347150259067358
7 0.79345703125 0.6768134715025906 0.01611328125 0.07124352331606218
13 0.59423828125 0.8588082901554405 0.0205078125 0.033031088082901554
12 0.64208984375 0.7027202072538861 0.02197265625 0.03821243523316062
5 0.404296875 0.7875647668393783 0.06298828125 0.07383419689119171
6 0.38818359375 0.24481865284974094 0.013671875 0.07318652849740932
11 0.7822265625 0.667098445595855 0.0205078125 0.03821243523316062
10 0.72412109375 0.20012953367875647 0.01611328125 0.031088082901554404
1 0.421875 0.24417098445595856 0.0244140625 0.03432642487046632
7 0.34423828125 0.45919689119170987 0.0595703125 0.03432642487046632
8 0.697265625 0.31930051813471505 0.04736328125 0.031088082901554404
10 0.61279296875 0.8575129533678757 0.01904296875 0.03238341968911917
6 0.82666015625 0.38406735751295334 0.017578125 0.06865284974093264
7 0.64306640625 0.22150259067357514 0.05126953125 0.021373056994818652
13 0.7431640625 0.6968911917098446 0.02490234375 0.033031088082901554
6 0.79296875 0.6321243523316062 0.046875 0.04792746113989637
1 0.25439453125 0.4488341968911917 0.02734375 0.04209844559585492
7 0.79296875 0.7422279792746114 0.04296875 0.031088082901554404
4 0.64404296875 0.7253886010362695 0.02783203125 0.05116580310880829
11 0.44384765625 0.33484455958549225 0.01953125 0.04145077720207254
13 0.52685546875 0.4734455958549223 0.0234375 0.03173575129533679
9 0.39990234375 0.7655440414507773 0.01708984375 0.023316062176165803
0 0.37255859375 0.48121761658031087 0.07763671875 0.025906735751295335
3 0.53173828125 0.7817357512953368 0.123046875 0.023963730569948185
11 0.8388671875 0.5071243523316062 0.02734375 0.03821243523316062
11 0.75048828125 0.28756476683937826 0.01904296875 0.038860103626943004
1 0.2763671875 0.4326424870466321 0.0234375 0.03173575129533679
0 0.66845703125 0.7253886010362695 0.06396484375 0.07383419689119171
11 0.32958984375 0.31088082901554404 0.03466796875 0.03756476683937824
5 0.2705078125 0.7156735751295337 0.04296875 0.08937823834196891
1 0.27490234375 0.5751295336787565 0.03125 0.03756476683937824
11 0.58935546875 0.8788860103626943 0.02490234375 0.03238341968911917
3 0.74609375 0.32189119170984454 0.11474609375 0.04598445595854922
1 0.32763671875 0.3542746113989637 0.029296875 0.038860103626943004
7 0.7275390625 0.7674870466321243 0.01416015625 0.07124352331606218
0 0.8427734375 0.1172279792746114 0.06201171875 0.02266839378238342
2 0.32568359375 0.41450777202072536 0.05078125 0.03173575129533679
11 0.67578125 0.27461139896373055 0.017578125 0.02461139896373057
8 0.75830078125 0.7817357512953368 0.041015625 0.044689119170984455
11 0.296875 0.16062176165803108 0.021484375 0.03950777202072539
1 0.28369140625 0.25323834196891193 0.02392578125 0.03367875647668394
1 0.5068359375 0.8983160621761658 0.0302734375 0.04339378238341969
1 0.25244140625 0.49287564766839376 0.02783203125 0.03562176165803109
0 0.5009765625 0.28756476683937826 0.0234375 0.09844559585492228
0 0.49755859375 0.4579015544041451 0.017578125 0.10621761658031088
11 0.39697265625 0.538860103626943 0.02978515625 0.029145077720207253
2 0.50830078125 0.22992227979274613 0.03759765625 0.06282383419689119
2 0.53076171875 0.125 0.02294921875 0.06411917098445596
11 0.59716796875 0.7933937823834197 0.0283203125 0.029792746113989636
0 0.65625 0.8037564766839378 0.07275390625 0.04145077720207254
1 0.4345703125 0.5453367875647669 0.03125 0.04015544041450777
2 0.76416015625 0.6845854922279793 0.0185546875 0.06347150259067358
0 0.35986328125 0.4229274611398964 0.06982421875 0.06217616580310881
0 0.82080078125 0.5077720207253886 0.0400390625 0.09326424870466321
2 0.69580078125 0.7351036269430051 0.04931640625 0.02655440414507772
2 0.6728515625 0.6658031088082902 0.05029296875 0.02655440414507772
7 0.796875 0.7655440414507773 0.046875 0.025906735751295335
3 0.2490234375 0.21243523316062177 0.107421875 0.06023316062176166
5 0.2470703125 0.7351036269430051 0.04345703125 0.08160621761658031
2 0.375 0.5045336787564767 0.05126953125 0.029792746113989636
2 0.5556640625 0.7247409326424871 0.05224609375 0.03367875647668394
2 0.48095703125 0.3393782383419689 0.04150390625 0.05764248704663212
13 0.416015625 0.10362694300518134 0.02880859375 0.02072538860103627
0 0.533203125 0.36139896373056996 0.041015625 0.09585492227979274
4 0.58837890625 0.7571243523316062 0.0361328125 0.04015544041450777
0 0.60009765625 0.22085492227979275 0.06396484375 0.07383419689119171
3 0.541015625 0.8601036269430051 0.052734375 0.14637305699481865
7 0.77880859375 0.7370466321243523 0.05078125 0.04533678756476684
13 0.73876953125 0.29857512953367876 0.0166015625 0.04015544041450777
13 0.650390625 0.8762953367875648 0.0205078125 0.027202072538860103
13 0.3271484375 0.44494818652849744 0.02734375 0.03626943005181347