12 0.64111328125 0.7784974093264249 0.03369140625 0.025259067357512953
7 0.2451171875 0.2772020725388601 0.0390625 0.06411917098445596
9 0.1982421875 0.48251295336787564 0.02294921875 0.018134715025906734
8 0.71044921875 0.5783678756476683 0.0439453125 0.04404145077720207
5 0.7412109375 0.1489637305699482 0.06591796875 0.04987046632124352
5 0.708984375 0.21632124352331605 0.03759765625 0.09067357512953368
8 0.44140625 0.9080310880829016 0.04541015625 0.054404145077720206
7 0.72021484375 0.5265544041450777 0.05029296875 0.025906735751295335
6 0.27197265625 0.6094559585492227 0.02392578125 0.06411917098445596
11 0.5986328125 0.6139896373056994 0.021484375 0.027849740932642485
8 0.5791015625 0.8316062176165803 0.048828125 0.03044041450777202
8 0.5830078125 0.8892487046632125 0.017578125 0.02849740932642487
9 0.44873046875 0.633419689119171 0.0224609375 0.02461139896373057
12 0.7685546875 0.5012953367875648 0.0224609375 0.04145077720207254
13 0.66357421875 0.43523316062176165 0.02197265625 0.03173575129533679
10 0.61474609375 0.8348445595854922 0.0244140625 0.02849740932642487
13 0.69873046875 0.4274611398963731 0.02978515625 0.023316062176165803
12 0.45166015625 0.8879533678756477 0.0341796875 0.01683937823834197
7 0.27001953125 0.3555699481865285 0.05419921875 0.03044041450777202
13 0.3583984375 0.2033678756476684 0.02685546875 0.023963730569948185
7 0.15478515625 0.5511658031088082 0.03369140625 0.06282383419689119
10 0.45556640625 0.7823834196891192 0.021484375 0.033031088082901554
7 0.26220703125 0.41904145077720206 0.05517578125 0.02072538860103627
10 0.3603515625 0.5246113989637305 0.02734375 0.021373056994818652
0 0.275390625 0.31088082901554404 0.0625 0.09132124352331607
13 0.58984375 0.6262953367875648 0.02783203125 0.03173575129533679
7 0.16796875 0.5433937823834197 0.0400390625 0.05958549222797927
13 0.6943359375 0.3795336787564767 0.02685546875 0.02655440414507772
13 0.43310546875 0.06347150259067358 0.0185546875 0.03821243523316062
13 0.71142578125 0.4740932642487047 0.017578125 0.03950777202072539
4 0.75732421875 0.7849740932642487 0.0185546875 0.02266839378238342
9 0.56298828125 0.7875647668393783 0.02490234375 0.025259067357512953
1 0.7314453125 0.5427461139896373 0.02685546875 0.031088082901554404
1 0.36962890625 0.24481865284974094 0.025390625 0.03562176165803109
11 0.5283203125 0.22409326424870465 0.02783203125 0.03238341968911917
7 0.62939453125 0.7422279792746114 0.05419921875 0.033031088082901554
11 0.3037109375 0.4067357512953368 0.029296875 0.033031088082901554
12 0.43212890625 0.7946891191709845 0.03369140625 0.018134715025906734
1 0.4306640625 0.202720207253886 0.0361328125 0.04727979274611399
2 0.4365234375 0.4209844559585492 0.02197265625 0.02849740932642487
6 0.26806640625 0.3011658031088083 0.041015625 0.05958549222797927
13 0.419921875 0.5757772020725389 0.0302734375 0.022020725388601035
11 0.6435546875 0.3626943005181347 0.02197265625 0.036917098445595854
2 0.62646484375 0.7648963730569949 0.048828125 0.04533678756476684
6 0.12939453125 0.5148963730569949 0.02734375 0.0667098445595855
4 0.62646484375 0.542098445595855 0.0400390625 0.029145077720207253
2 0.31884765625 0.9449481865284974 0.0361328125 0.06152849740932642
1 0.3994140625 0.2823834196891192 0.0244140625 0.036917098445595854
2 0.4140625 0.24935233160621761 0.0322265625 0.06606217616580311
11 0.3125 0.5887305699481865 0.029296875 0.027202072538860103
0 0.34619140625 0.5867875647668394 0.025390625 0.10297927461139897
1 0.74462890625 0.6133419689119171 0.03076171875 0.04145077720207254
1 0.87060546875 0.6567357512953368 0.029296875 0.03626943005181347
2 0.62109375 0.297279792746114 0.02197265625 0.027849740932642485
2 0.35888671875 0.8471502590673575 0.048828125 0.023316062176165803
7 0.76806640625 0.8898963730569949 0.0224609375 0.07253886010362694
2 0.19580078125 0.5330310880829016 0.04833984375 0.04533678756476684
1 0.52294921875 0.24805699481865284 0.02685546875 0.03756476683937824
2 0.5126953125 0.4579015544041451 0.01904296875 0.025259067357512953
11 0.62255859375 0.36204663212435234 0.0263671875 0.03238341968911917
9 0.6298828125 0.47020725388601037 0.0224609375 0.029792746113989636
1 0.74267578125 0.28432642487046633 0.02685546875 0.033031088082901554
0 0.65185546875 0.3432642487046632 0.03515625 0.09715025906735751
7 0.744140625 0.5667098445595855 0.0478515625 0.044689119170984455
2 0.61328125 0.1560880829015544 0.0283203125 0.06735751295336788
3 0.32470703125 0.3471502590673575 0.0341796875 0.14766839378238342
3 0.765625 0.5356217616580311 0.1103515625 0.0939119170984456
1 0.28662109375 0.9151554404145078 0.02685546875 0.03173575129533679
0 0.625 0.8160621761658031 0.07421875 0.031088082901554404
0 0.2412109375 0.5634715025906736 0.06982421875 0.06282383419689119
7 0.4072265625 0.802461139896373 0.0546875 0.03950777202072539
4 0.73828125 0.9073834196891192 0.03759765625 0.022020725388601035
13 0.51904296875 0.16256476683937823 0.021484375 0.025259067357512953
3 0.66357421875 0.5770725388601037 0.1171875 0.04533678756476684
11 0.43701171875 0.2823834196891192 0.02978515625 0.03367875647668394
2 0.28515625 0.3270725388601036 0.04443359375 0.05375647668393782
11 0.4912109375 0.6243523316062176 0.0205078125 0.02655440414507772
5 0.57470703125 0.18458549222797926 0.06396484375 0.06217616580310881
0 0.38037109375 0.21955958549222798 0.0771484375 0.027849740932642485
1 0.42626953125 0.31930051813471505 0.02685546875 0.034974093264248704
0 0.67041015625 0.4682642487046632 0.060546875 0.07901554404145078
5 0.71826171875 0.13212435233160622 0.04443359375 0.07966321243523317
0 0.2333984375 0.39831606217616583 0.0576171875 0.08354922279792747
11 0.70556640625 0.542098445595855 0.025390625 0.031088082901554404
0 0.5380859375 0.7480569948186528 0.06982421875 0.05699481865284974
6 0.421875 0.9242227979274611 0.0517578125 0.03950777202072539
0 0.166015625 0.48639896373056996 0.0693359375 0.06347150259067358
11 0.7138671875 0.25582901554404147 0.02490234375 0.03562176165803109
10 0.1416015625 0.8089378238341969 0.0224609375 0.02655440414507772
3 0.2177734375 0.6088082901554405 0.09912109375 0.10038860103626943
4 0.33056640625 0.5822538860103627 0.0322265625 0.05181347150259067
13 0.619140625 0.34520725388601037 0.02880859375 0.02849740932642487