7 0.65869140625 0.3024611398963731 0.02734375 0.06994818652849741
13 0.3818359375 0.20919689119170984 0.02490234375 0.03044041450777202
12 0.52392578125 0.16515544041450778 0.02685546875 0.03821243523316062
8 0.84716796875 0.5699481865284974 0.01904296875 0.06476683937823834
6 0.68896484375 0.8866580310880829 0.0546875 0.023316062176165803
5 0.33349609375 0.5278497409326425 0.07177734375 0.04404145077720207
7 0.22412109375 0.5123056994818653 0.01513671875 0.07577720207253887
5 0.69873046875 0.908678756476684 0.0634765625 0.02849740932642487
9 0.56982421875 0.41580310880829013 0.02294921875 0.023963730569948185
13 0.66259765625 0.9196891191709845 0.01904296875 0.04015544041450777
12 0.82763671875 0.5550518134715026 0.0341796875 0.015544041450777202
13 0.333984375 0.19818652849740934 0.0302734375 0.01878238341968912
4 0.6416015625 0.2966321243523316 0.0263671875 0.06217616580310881
13 0.37548828125 0.15349740932642486 0.015625 0.038860103626943004
11 0.36767578125 0.17681347150259066 0.02685546875 0.03756476683937824
7 0.61083984375 0.5272020725388601 0.0283203125 0.06411917098445596
6 0.32470703125 0.5174870466321243 0.0556640625 0.025259067357512953
7 0.64111328125 0.685880829015544 0.04443359375 0.05375647668393782
13 0.56494140625 0.2661917098445596 0.0234375 0.03432642487046632
1 0.3095703125 0.6489637305699482 0.03125 0.04792746113989637
7 0.43212890625 0.9863989637305699 0.0556640625 0.02266839378238342
7 0.49609375 0.6988341968911918 0.02001953125 0.07383419689119171
8 0.36181640625 0.5272020725388601 0.0498046875 0.038860103626943004
11 0.40087890625 0.29857512953367876 0.02490234375 0.040803108808290155
12 0.376953125 0.19235751295336787 0.0263671875 0.03562176165803109
2 0.673828125 0.6658031088082902 0.02783203125 0.06994818652849741
12 0.6923828125 0.4073834196891192 0.02392578125 0.034974093264248704
10 0.37548828125 0.12953367875647667 0.02685546875 0.021373056994818652
13 0.24462890625 0.7376943005181347 0.0166015625 0.03626943005181347
2 0.666015625 0.8439119170984456 0.03466796875 0.06606217616580311
9 0.72265625 0.2823834196891192 0.02392578125 0.025259067357512953
9 0.47314453125 0.7830310880829016 0.01904296875 0.03367875647668394
11 0.6875 0.38147668393782386 0.01953125 0.03756476683937824
7 0.5029296875 0.26748704663212436 0.0146484375 0.07189119170984457
7 0.7001953125 0.6917098445595855 0.03173828125 0.06347150259067358
13 0.75537109375 0.5226683937823834 0.01611328125 0.034974093264248704
13 0.4423828125 0.2104922279792746 0.0244140625 0.03044041450777202
8 0.71484375 0.6580310880829016 0.04833984375 0.021373056994818652
1 0.4765625 0.6567357512953368 0.02587890625 0.033031088082901554
10 0.2392578125 0.49158031088082904 0.02197265625 0.03173575129533679
10 0.3154296875 0.2338082901554404 0.015625 0.03238341968911917
5 0.46826171875 0.18847150259067358 0.07421875 0.02849740932642487
7 0.6728515625 0.22927461139896374 0.03857421875 0.056347150259067356
1 0.6455078125 0.6418393782383419 0.0361328125 0.03626943005181347
9 0.76171875 0.5667098445595855 0.0205078125 0.029792746113989636
11 0.333984375 0.1800518134715026 0.02978515625 0.03173575129533679
5 0.7197265625 0.18523316062176165 0.02734375 0.09520725388601037
0 0.654296875 0.8983160621761658 0.05322265625 0.08549222797927461
11 0.5888671875 0.5770725388601037 0.0322265625 0.023316062176165803
11 0.76123046875 0.5019430051813472 0.0263671875 0.03367875647668394
1 0.32861328125 0.2778497409326425 0.0322265625 0.04339378238341969
0 0.22900390625 0.5621761658031088 0.0751953125 0.023963730569948185
1 0.447265625 0.7525906735751295 0.0283203125 0.036917098445595854
2 0.25439453125 0.47797927461139894 0.02099609375 0.0667098445595855
11 0.48486328125 0.3089378238341969 0.02685546875 0.03367875647668394
2 0.27392578125 0.4676165803108808 0.021484375 0.06994818652849741
0 0.54248046875 0.18264248704663213 0.01611328125 0.1016839378238342
10 0.74072265625 0.5278497409326425 0.02587890625 0.027202072538860103
4 0.587890625 0.39766839378238344 0.0400390625 0.027849740932642485
6 0.634765625 0.4883419689119171 0.052734375 0.02461139896373057
2 0.6943359375 0.44494818652849744 0.01611328125 0.07189119170984457
11 0.681640625 0.2616580310880829 0.0244140625 0.027849740932642485
0 0.4931640625 0.19883419689119172 0.0625 0.07707253886010362
1 0.36083984375 0.8516839378238342 0.03515625 0.04727979274611399
1 0.5234375 0.6930051813471503 0.033203125 0.042746113989637305
11 0.29736328125 0.5097150259067358 0.03076171875 0.02655440414507772
2 0.8134765625 0.8639896373056994 0.0185546875 0.06282383419689119
3 0.61669921875 0.6230569948186528 0.0205078125 0.16580310880829016
3 0.3681640625 0.24611398963730569 0.10791015625 0.08873056994818652
1 0.22607421875 0.7558290155440415 0.02734375 0.03626943005181347
3 0.396484375 0.39248704663212436 0.037109375 0.15479274611398963
1 0.23388671875 0.2862694300518135 0.03125 0.042746113989637305
2 0.40283203125 0.19300518134715025 0.03662109375 0.05764248704663212
0 0.36279296875 0.9164507772020726 0.068359375 0.06152849740932642
1 0.54833984375 0.10492227979274611 0.03173828125 0.04209844559585492
0 0.62744140625 0.30310880829015546 0.0537109375 0.08937823834196891
3 0.69970703125 0.36075129533678757 0.07373046875 0.14248704663212436
6 0.23974609375 0.6988341968911918 0.04296875 0.052461139896373056
2 0.31884765625 0.8458549222797928 0.0322265625 0.06476683937823834
0 0.69189453125 0.6243523316062176 0.0703125 0.05375647668393782
11 0.42822265625 0.17487046632124353 0.02880859375 0.023316062176165803
0 0.30908203125 0.6055699481865285 0.05810546875 0.08484455958549222
2 0.201171875 0.48251295336787564 0.0205078125 0.06930051813471502
2 0.18505859375 0.7998704663212435 0.04248046875 0.05375647668393782
4 0.62744140625 0.6152849740932642 0.017578125 0.05181347150259067
0 0.63720703125 0.8860103626943006 0.0390625 0.09585492227979274
0 0.48681640625 0.2344559585492228 0.05810546875 0.09196891191709844
7 0.6806640625 0.9106217616580311 0.05224609375 0.03173575129533679
8 0.67041015625 0.6632124352331606 0.0244140625 0.06930051813471502
13 0.68994140625 0.6923575129533679 0.01953125 0.034974093264248704
13 0.63671875 0.6457253886010362 0.01806640625 0.03238341968911917
4 0.70654296875 0.4332901554404145 0.015625 0.05829015544041451