9 0.3818359375 0.3160621761658031 0.021484375 0.03044041450777202
8 0.3056640625 0.452720207253886 0.03955078125 0.05569948186528497
13 0.5986328125 0.18069948186528498 0.0205078125 0.027202072538860103
5 0.7109375 0.2189119170984456 0.07275390625 0.042746113989637305
13 0.45947265625 0.22797927461139897 0.01806640625 0.034974093264248704
7 0.54296875 0.7668393782383419 0.052734375 0.025259067357512953
13 0.83056640625 0.5835492227979274 0.02783203125 0.023316062176165803
13 0.576171875 0.2551813471502591 0.021484375 0.033031088082901554
9 0.3369140625 0.24481865284974094 0.01953125 0.036917098445595854
9 0.32421875 0.23898963730569947 0.01513671875 0.023316062176165803
10 0.283203125 0.7273316062176166 0.0224609375 0.023963730569948185
4 0.28759765625 0.564119170984456 0.01416015625 0.054404145077720206
13 0.54931640625 0.12370466321243523 0.015625 0.03562176165803109
8 0.2158203125 0.4676165803108808 0.03564453125 0.05181347150259067
13 0.57861328125 0.13212435233160622 0.02978515625 0.020077720207253884
13 0.560546875 0.12823834196891193 0.0166015625 0.04015544041450777
9 0.5625 0.1878238341968912 0.01611328125 0.02266839378238342
1 0.279296875 0.792098445595855 0.0302734375 0.027202072538860103
7 0.5703125 0.780440414507772 0.0556640625 0.02266839378238342
12 0.5263671875 0.2538860103626943 0.0244140625 0.04145077720207254
6 0.31396484375 0.35686528497409326 0.01318359375 0.06930051813471502
5 0.7646484375 0.17810880829015543 0.0380859375 0.08484455958549222
12 0.26171875 0.8374352331606217 0.013671875 0.04209844559585492
2 0.318359375 0.22409326424870465 0.05615234375 0.025906735751295335
11 0.5830078125 0.15479274611398963 0.0341796875 0.027849740932642485
4 0.29541015625 0.7525906735751295 0.02197265625 0.0667098445595855
10 0.2744140625 0.3594559585492228 0.01416015625 0.034974093264248704
7 0.47509765625 0.1955958549222798 0.0146484375 0.07642487046632124
7 0.416015625 0.7150259067357513 0.0361328125 0.06347150259067358
13 0.791015625 0.6483160621761658 0.02734375 0.022020725388601035
10 0.45263671875 0.25259067357512954 0.0234375 0.02849740932642487
2 0.3671875 0.9034974093264249 0.05322265625 0.05958549222797927
13 0.7978515625 0.6075129533678757 0.02734375 0.023963730569948185
6 0.7138671875 0.7448186528497409 0.0205078125 0.06735751295336788
11 0.6865234375 0.533678756476684 0.02978515625 0.027202072538860103
7 0.60888671875 0.935880829015544 0.017578125 0.06800518134715026
2 0.69970703125 0.4961139896373057 0.0556640625 0.05116580310880829
7 0.326171875 0.20142487046632124 0.056640625 0.025906735751295335
13 0.77880859375 0.47150259067357514 0.0322265625 0.027202072538860103
1 0.24462890625 0.8711139896373057 0.02734375 0.03626943005181347
6 0.474609375 0.7357512953367875 0.03173828125 0.06347150259067358
11 0.74658203125 0.5887305699481865 0.03173828125 0.029145077720207253
11 0.5791015625 0.20984455958549222 0.02099609375 0.04015544041450777
11 0.52490234375 0.4844559585492228 0.021484375 0.04015544041450777
11 0.46875 0.2778497409326425 0.01953125 0.038860103626943004
7 0.72119140625 0.8154145077720207 0.0322265625 0.06800518134715026
0 0.55712890625 0.16774611398963732 0.08154296875 0.034974093264248704
12 0.31201171875 0.2694300518134715 0.03125 0.03367875647668394
7 0.20751953125 0.1411917098445596 0.05078125 0.025906735751295335
1 0.55712890625 0.26295336787564766 0.0263671875 0.038860103626943004
1 0.3818359375 0.013601036269430052 0.02734375 0.027202072538860103
4 0.2666015625 0.1794041450777202 0.02392578125 0.04533678756476684
3 0.57373046875 0.810880829015544 0.11083984375 0.09132124352331607
2 0.6328125 0.3588082901554404 0.05224609375 0.04145077720207254
6 0.2041015625 0.7454663212435233 0.0537109375 0.02266839378238342
2 0.75927734375 0.34974093264248707 0.05078125 0.03821243523316062
1 0.41357421875 0.5161917098445595 0.03076171875 0.04015544041450777
2 0.1630859375 0.7396373056994818 0.04638671875 0.04922279792746114
11 0.45361328125 0.297279792746114 0.029296875 0.025259067357512953
8 0.21630859375 0.2778497409326425 0.05029296875 0.02655440414507772
11 0.68359375 0.21437823834196892 0.025390625 0.03367875647668394
11 0.68603515625 0.42875647668393785 0.029296875 0.03562176165803109
2 0.57568359375 0.7448186528497409 0.0576171875 0.036917098445595854
0 0.7314453125 0.5161917098445595 0.01953125 0.10362694300518134
4 0.19287109375 0.18329015544041452 0.01611328125 0.04987046632124352
1 0.31591796875 0.7130829015544041 0.03125 0.04922279792746114
11 0.27880859375 0.8244818652849741 0.0244140625 0.03173575129533679
2 0.33203125 0.2700777202072539 0.04833984375 0.04533678756476684
3 0.27197265625 0.5213730569948186 0.029296875 0.15025906735751296
2 0.3349609375 0.29857512953367876 0.052734375 0.029145077720207253
5 0.77734375 0.2104922279792746 0.060546875 0.05958549222797927
7 0.3525390625 0.23510362694300518 0.03076171875 0.06282383419689119
10 0.2666015625 0.9740932642487047 0.0205078125 0.031088082901554404
0 0.6171875 0.29468911917098445 0.06494140625 0.07901554404145078
2 0.57666015625 0.33095854922279794 0.03466796875 0.06347150259067358
1 0.494140625 0.2189119170984456 0.02587890625 0.03562176165803109
0 0.66943359375 0.8069948186528497 0.05126953125 0.08678756476683938
0 0.5537109375 0.7357512953367875 0.07470703125 0.05505181347150259
1 0.2529296875 0.772020725388601 0.02685546875 0.03756476683937824
0 0.62646484375 0.8685233160621761 0.0732421875 0.048575129533678756
1 0.6533203125 0.1800518134715026 0.02490234375 0.03562176165803109
0 0.73828125 0.6768134715025906 0.0693359375 0.06217616580310881
1 0.66162109375 0.5019430051813472 0.03515625 0.050518134715025906
7 0.55029296875 0.2810880829015544 0.04150390625 0.05829015544041451
0 0.29150390625 0.3387305699481865 0.041015625 0.09067357512953368
5 0.73681640625 0.4009067357512953 0.04736328125 0.08419689119170984
3 0.2373046875 0.5654145077720207 0.060546875 0.1489637305699482
3 0.46142578125 0.1211139896373057 0.06396484375 0.14378238341968913
0 0.4267578125 0.34585492227979275 0.056640625 0.08743523316062177
0 0.689453125 0.8089378238341969 0.05810546875 0.08484455958549222
8 0.2119140625 0.7623056994818653 0.0537109375 0.036917098445595854
12 0.27880859375 0.758419689119171 0.017578125 0.040803108808290155