10 0.54736328125 0.6871761658031088 0.01513671875 0.04339378238341969
13 0.61328125 0.2266839378238342 0.0166015625 0.03756476683937824
7 0.64794921875 0.6366580310880829 0.0380859375 0.06411917098445596
5 0.57177734375 0.8335492227979274 0.0625 0.0705958549222798
12 0.2626953125 0.5654145077720207 0.01611328125 0.04533678756476684
4 0.560546875 0.7091968911917098 0.01708984375 0.06282383419689119
9 0.74169921875 0.6936528497409327 0.01806640625 0.025906735751295335
4 0.2685546875 0.5330310880829016 0.0166015625 0.056347150259067356
8 0.36328125 0.6768134715025906 0.0390625 0.05764248704663212
10 0.708984375 0.4896373056994819 0.0244140625 0.029145077720207253
8 0.505859375 0.9047927461139896 0.0458984375 0.04145077720207254
11 0.50390625 0.9268134715025906 0.0205078125 0.03432642487046632
9 0.767578125 0.4481865284974093 0.0234375 0.025259067357512953
13 0.69970703125 0.3393782383419689 0.02880859375 0.027849740932642485
10 0.60009765625 0.17681347150259066 0.02880859375 0.015544041450777202
9 0.24609375 0.8212435233160622 0.0166015625 0.02461139896373057
10 0.3779296875 0.23510362694300518 0.02587890625 0.023963730569948185
12 0.6279296875 0.22150259067357514 0.01953125 0.04015544041450777
11 0.25634765625 0.3873056994818653 0.01904296875 0.023963730569948185
12 0.41259765625 0.4786269430051813 0.03759765625 0.02072538860103627
8 0.537109375 0.6813471502590673 0.01904296875 0.07124352331606218
13 0.216796875 0.6075129533678757 0.0185546875 0.03950777202072539
13 0.3115234375 0.49805699481865284 0.02783203125 0.02266839378238342
7 0.62451171875 0.5731865284974094 0.03125 0.06606217616580311
9 0.25537109375 0.542098445595855 0.02392578125 0.02266839378238342
0 0.3525390625 0.9876943005181347 0.0791015625 0.018134715025906734
13 0.3671875 0.4637305699481865 0.0244140625 0.033031088082901554
12 0.40283203125 0.4423575129533679 0.0322265625 0.023963730569948185
13 0.48291015625 0.6107512953367875 0.02880859375 0.027849740932642485
8 0.6943359375 0.711139896373057 0.03515625 0.056347150259067356
7 0.59228515625 0.5615284974093264 0.05615234375 0.02266839378238342
5 0.60546875 0.16256476683937823 0.0771484375 0.01878238341968912
5 0.3916015625 0.5058290155440415 0.07421875 0.025259067357512953
7 0.5595703125 0.8322538860103627 0.04150390625 0.05505181347150259
7 0.2763671875 0.27396373056994816 0.0390625 0.06088082901554404
13 0.5732421875 0.48121761658031087 0.0283203125 0.025906735751295335
5 0.63525390625 0.14378238341968913 0.0732421875 0.02072538860103627
11 0.8037109375 0.5330310880829016 0.021484375 0.03626943005181347
7 0.69287109375 0.15414507772020725 0.02685546875 0.06735751295336788
7 0.52392578125 0.655440414507772 0.01904296875 0.0822538860103627
2 0.5087890625 0.9481865284974094 0.03173828125 0.07318652849740932
1 0.2744140625 0.38795336787564766 0.02880859375 0.036917098445595854
6 0.310546875 0.9022020725388601 0.04736328125 0.021373056994818652
1 0.20849609375 0.2266839378238342 0.03369140625 0.044689119170984455
1 0.56201171875 0.8685233160621761 0.033203125 0.04015544041450777
1 0.2958984375 0.27461139896373055 0.03369140625 0.04145077720207254
0 0.5361328125 0.24805699481865284 0.07470703125 0.02072538860103627
11 0.4951171875 0.602979274611399 0.0224609375 0.04792746113989637
0 0.39501953125 0.4676165803108808 0.07373046875 0.04598445595854922
11 0.36376953125 0.35621761658031087 0.02783203125 0.03173575129533679
4 0.62548828125 0.4022020725388601 0.0244140625 0.050518134715025906
0 0.71728515625 0.29987046632124353 0.02197265625 0.10103626943005181
4 0.62939453125 0.26360103626943004 0.0126953125 0.05310880829015544
1 0.68115234375 0.18199481865284975 0.02880859375 0.040803108808290155
0 0.26318359375 0.8452072538860104 0.021484375 0.09715025906735751
3 0.67822265625 0.7389896373056994 0.03759765625 0.1567357512953368
1 0.67138671875 0.7849740932642487 0.02587890625 0.03173575129533679
2 0.59326171875 0.19170984455958548 0.0498046875 0.03756476683937824
1 0.2197265625 0.4274611398963731 0.02978515625 0.04209844559585492
3 0.33740234375 0.908678756476684 0.02734375 0.14766839378238342
1 0.74365234375 0.16062176165803108 0.02685546875 0.033031088082901554
11 0.80615234375 0.49870466321243523 0.02685546875 0.027202072538860103
3 0.44921875 0.20401554404145078 0.115234375 0.03821243523316062
2 0.1923828125 0.5129533678756477 0.02490234375 0.06735751295336788
2 0.2373046875 0.47603626943005184 0.03369140625 0.06476683937823834
13 0.64208984375 0.3121761658031088 0.02783203125 0.019430051813471502
0 0.53759765625 0.22020725388601037 0.07421875 0.03044041450777202
2 0.509765625 0.8510362694300518 0.04052734375 0.05569948186528497
6 0.2705078125 0.7331606217616581 0.02001953125 0.0667098445595855
11 0.26708984375 0.28367875647668395 0.02734375 0.03562176165803109
7 0.46923828125 0.6230569948186528 0.0361328125 0.07189119170984457
0 0.3037109375 0.7156735751295337 0.0693359375 0.05699481865284974
2 0.18994140625 0.772020725388601 0.04052734375 0.06152849740932642
1 0.32373046875 0.21632124352331605 0.03369140625 0.04209844559585492
7 0.224609375 0.5097150259067358 0.0537109375 0.03238341968911917
7 0.30615234375 0.37823834196891193 0.04541015625 0.056347150259067356
0 0.533203125 0.9261658031088082 0.03173828125 0.09196891191709844
1 0.49267578125 0.13924870466321243 0.0322265625 0.034974093264248704
2 0.802734375 0.8866580310880829 0.04345703125 0.05310880829015544
11 0.72607421875 0.5317357512953368 0.02587890625 0.03173575129533679
6 0.38427734375 0.3387305699481865 0.05126953125 0.034974093264248704
11 0.43603515625 0.2927461139896373 0.0283203125 0.033031088082901554
2 0.626953125 0.9002590673575129 0.04736328125 0.042746113989637305
3 0.66845703125 0.6016839378238342 0.0498046875 0.15349740932642486
0 0.6083984375 0.2545336787564767 0.0390625 0.09520725388601037
6 0.48291015625 0.8996113989637305 0.01611328125 0.06800518134715026
2 0.75732421875 0.7059585492227979 0.01806640625 0.0667098445595855
0 0.798828125 0.8277202072538861 0.0478515625 0.0900259067357513
2 0.3701171875 0.26813471502590674 0.04931640625 0.042746113989637305
13 0.28759765625 0.37305699481865284 0.02783203125 0.023316062176165803
11 0.79345703125 0.5284974093264249 0.02587890625 0.036917098445595854
13 0.2919921875 0.6645077720207254 0.03076171875 0.031088082901554404