13 0.3583984375 0.42810880829015546 0.0244140625 0.03173575129533679
13 0.619140625 0.1716321243523316 0.01318359375 0.034974093264248704
9 0.34765625 0.22862694300518135 0.02294921875 0.025906735751295335
7 0.22412109375 0.4274611398963731 0.0478515625 0.044689119170984455
13 0.302734375 0.6606217616580311 0.03173828125 0.021373056994818652
8 0.18505859375 0.10427461139896373 0.046875 0.025906735751295335
13 0.25146484375 0.4106217616580311 0.0205078125 0.03432642487046632
9 0.3154296875 0.680699481865285 0.015625 0.03044041450777202
13 0.3935546875 0.20725388601036268 0.01611328125 0.034974093264248704
12 0.6826171875 0.21567357512953367 0.03271484375 0.019430051813471502
10 0.4248046875 0.3316062176165803 0.017578125 0.033031088082901554
12 0.25 0.9546632124352331 0.0244140625 0.03432642487046632
10 0.29443359375 0.9294041450777202 0.02587890625 0.02072538860103627
9 0.60498046875 0.17681347150259066 0.01708984375 0.027849740932642485
7 0.642578125 0.8601036269430051 0.04931640625 0.06023316062176166
13 0.17578125 0.3860103626943005 0.01611328125 0.03562176165803109
5 0.5703125 0.41321243523316065 0.02197265625 0.10427461139896373
6 0.33251953125 0.6392487046632125 0.05126953125 0.025906735751295335
4 0.33203125 0.2344559585492228 0.03076171875 0.04404145077720207
4 0.1865234375 0.056347150259067356 0.02734375 0.04404145077720207
10 0.52587890625 0.1794041450777202 0.0263671875 0.021373056994818652
10 0.3603515625 0.2700777202072539 0.02392578125 0.031088082901554404
12 0.24560546875 0.4488341968911917 0.029296875 0.027202072538860103
8 0.4072265625 0.8950777202072538 0.04248046875 0.04404145077720207
7 0.17626953125 0.3626943005181347 0.04931640625 0.03238341968911917
11 0.46826171875 0.7143782383419689 0.025390625 0.03432642487046632
7 0.66748046875 0.8549222797927462 0.05029296875 0.04404145077720207
7 0.46337890625 0.552461139896373 0.0244140625 0.0744818652849741
6 0.36328125 0.8717616580310881 0.013671875 0.06735751295336788
13 0.50341796875 0.4579015544041451 0.0283203125 0.027202072538860103
1 0.46630859375 0.25712435233160624 0.02587890625 0.03367875647668394
11 0.48291015625 0.8769430051813472 0.01953125 0.036917098445595854
3 0.43603515625 0.2920984455958549 0.017578125 0.16774611398963732
13 0.6328125 0.18976683937823835 0.02099609375 0.036917098445595854
7 0.24560546875 0.6658031088082902 0.05419921875 0.02655440414507772
7 0.268310546875 0.976360103626943 0.01904296875 0.04727979274611399
5 0.68017578125 0.24935233160621761 0.05712890625 0.07577720207253887
11 0.2265625 0.8134715025906736 0.02392578125 0.03562176165803109
1 0.4873046875 0.3866580310880829 0.02685546875 0.036917098445595854
8 0.22265625 0.602979274611399 0.02392578125 0.06735751295336788
1 0.662109375 0.8886010362694301 0.0302734375 0.04015544041450777
1 0.4541015625 0.29468911917098445 0.02587890625 0.034974093264248704
1 0.43896484375 0.16126943005181346 0.02587890625 0.031088082901554404
6 0.71044921875 0.6275906735751295 0.04052734375 0.054404145077720206
4 0.36669921875 0.31023316062176165 0.04052734375 0.02072538860103627
11 0.49658203125 0.6198186528497409 0.02783203125 0.027202072538860103
4 0.57177734375 0.5278497409326425 0.025390625 0.04792746113989637
6 0.49267578125 0.9067357512953368 0.02587890625 0.06282383419689119
2 0.4208984375 0.2765544041450777 0.021484375 0.06411917098445596
2 0.68212890625 0.8996113989637305 0.02880859375 0.06541450777202072
11 0.55029296875 0.7642487046632125 0.01904296875 0.040803108808290155
1 0.642578125 0.8367875647668394 0.02587890625 0.029792746113989636
0 0.4453125 0.5654145077720207 0.04833984375 0.09520725388601037
11 0.2919921875 0.8296632124352331 0.0283203125 0.029792746113989636
2 0.2705078125 0.7992227979274611 0.052734375 0.023316062176165803
0 0.38916015625 0.7558290155440415 0.01611328125 0.10297927461139897
12 0.4267578125 0.9028497409326425 0.02978515625 0.027849740932642485
11 0.38671875 0.19106217616580312 0.0205078125 0.034974093264248704
0 0.1689453125 0.30505181347150256 0.02001953125 0.0939119170984456
1 0.826171875 0.5440414507772021 0.02880859375 0.03432642487046632
0 0.52783203125 0.6224093264248705 0.017578125 0.10492227979274611
0 0.23974609375 0.9326424870466321 0.06689453125 0.05829015544041451
11 0.38818359375 0.13406735751295337 0.02197265625 0.03821243523316062
11 0.46533203125 0.35621761658031087 0.02294921875 0.034974093264248704
0 0.287109375 0.6923575129533679 0.06298828125 0.06152849740932642
2 0.48486328125 0.2266839378238342 0.04638671875 0.050518134715025906
2 0.52099609375 0.8510362694300518 0.05126953125 0.04727979274611399
2 0.2158203125 0.8685233160621761 0.0478515625 0.03950777202072539
5 0.6865234375 0.4721502590673575 0.0732421875 0.03367875647668394
2 0.4033203125 0.6301813471502591 0.05078125 0.025259067357512953
3 0.443359375 0.6917098445595855 0.123046875 0.03173575129533679
2 0.24609375 0.6016839378238342 0.02294921875 0.06865284974093264
1 0.4296875 0.3944300518134715 0.0361328125 0.04792746113989637
1 0.46337890625 0.1094559585492228 0.037109375 0.046632124352331605
11 0.73583984375 0.5965025906735751 0.02734375 0.027202072538860103
7 0.1923828125 0.6573834196891192 0.0458984375 0.04533678756476684
1 0.5322265625 0.2959844559585492 0.03271484375 0.04015544041450777
2 0.14404296875 0.358160621761658 0.0302734375 0.06152849740932642
5 0.76123046875 0.23056994818652848 0.0634765625 0.056347150259067356
0 0.193359375 0.875 0.06494140625 0.06930051813471502
0 0.3583984375 0.9177461139896373 0.0654296875 0.06282383419689119
2 0.40087890625 0.8672279792746114 0.05029296875 0.036917098445595854
0 0.283203125 0.35038860103626945 0.06494140625 0.07318652849740932
3 0.65625 0.7875647668393783 0.111328125 0.06606217616580311
3 0.56982421875 0.2344559585492228 0.10498046875 0.09974093264248704
0 0.23974609375 0.542098445595855 0.05029296875 0.08678756476683938
7 0.23681640625 0.6729274611398963 0.05029296875 0.03562176165803109
13 0.24365234375 0.6832901554404145 0.0205078125 0.04339378238341969
7 0.4521484375 0.5531088082901554 0.02587890625 0.06930051813471502
8 0.24462890625 0.7862694300518135 0.02197265625 0.07577720207253887
9 0.50537109375 0.6457253886010362 0.0244140625 0.02461139896373057
13 0.509765625 0.6327720207253886 0.02587890625 0.025259067357512953