11 0.54638671875 0.3860103626943005 0.033203125 0.02849740932642487
7 0.35791015625 0.727979274611399 0.01708984375 0.07383419689119171
7 0.5546875 0.4384715025906736 0.05322265625 0.023963730569948185
13 0.33935546875 0.6418393782383419 0.0224609375 0.033031088082901554
7 0.59619140625 0.7726683937823834 0.013671875 0.06994818652849741
7 0.6181640625 0.24676165803108807 0.03759765625 0.06994818652849741
8 0.58203125 0.7759067357512953 0.01708984375 0.06735751295336788
8 0.45751953125 0.7603626943005182 0.04345703125 0.04987046632124352
1 0.2939453125 0.4676165803108808 0.02392578125 0.038860103626943004
5 0.58935546875 0.7616580310880829 0.02490234375 0.10297927461139897
9 0.56689453125 0.32642487046632124 0.02001953125 0.027849740932642485
12 0.61572265625 0.7875647668393783 0.02978515625 0.03367875647668394
7 0.38818359375 0.16709844559585493 0.04150390625 0.05764248704663212
11 0.31396484375 0.4630829015544041 0.0205078125 0.038860103626943004
7 0.30810546875 0.6288860103626943 0.013671875 0.07383419689119171
6 0.54443359375 0.4106217616580311 0.046875 0.04404145077720207
8 0.3359375 0.8918393782383419 0.015625 0.06541450777202072
11 0.45947265625 0.4727979274611399 0.01806640625 0.03821243523316062
10 0.49267578125 0.7668393782383419 0.0224609375 0.031088082901554404
13 0.47314453125 0.8523316062176166 0.021484375 0.03562176165803109
12 0.53955078125 0.25841968911917096 0.02685546875 0.02655440414507772
7 0.6396484375 0.7487046632124352 0.03173828125 0.06476683937823834
13 0.41943359375 0.14313471502590674 0.02978515625 0.02072538860103627
4 0.4921875 0.4488341968911917 0.0166015625 0.05310880829015544
6 0.4072265625 0.14507772020725387 0.0341796875 0.06088082901554404
7 0.39697265625 0.741580310880829 0.04248046875 0.06023316062176166
5 0.55322265625 0.32059585492227977 0.05859375 0.07642487046632124
4 0.75439453125 0.6340673575129534 0.0400390625 0.029792746113989636
12 0.7216796875 0.6787564766839378 0.01708984375 0.042746113989637305
1 0.4306640625 0.7467616580310881 0.025390625 0.034974093264248704
9 0.5595703125 0.7402849740932642 0.03076171875 0.023316062176165803
13 0.6953125 0.14183937823834197 0.01806640625 0.025259067357512953
11 0.7333984375 0.6308290155440415 0.02880859375 0.029792746113989636
7 0.5673828125 0.38795336787564766 0.033203125 0.06476683937823834
10 0.29638671875 0.18911917098445596 0.017578125 0.03238341968911917
0 0.61865234375 0.8218911917098446 0.0791015625 0.02461139896373057
0 0.45361328125 0.8471502590673575 0.0732421875 0.04987046632124352
1 0.3544921875 0.45531088082901555 0.033203125 0.04727979274611399
10 0.640625 0.3860103626943005 0.02587890625 0.027849740932642485
5 0.46044921875 0.7739637305699482 0.06982421875 0.056347150259067356
6 0.47509765625 0.4792746113989637 0.01708984375 0.06994818652849741
7 0.16796875 0.5330310880829016 0.02734375 0.06735751295336788
5 0.64013671875 0.6910621761658031 0.048828125 0.09196891191709844
13 0.6337890625 0.805699481865285 0.015625 0.022020725388601035
1 0.29443359375 0.4015544041450777 0.0322265625 0.038860103626943004
1 0.54248046875 0.20466321243523317 0.02880859375 0.04145077720207254
13 0.52978515625 0.7940414507772021 0.01708984375 0.03626943005181347
11 0.619140625 0.7448186528497409 0.02587890625 0.04015544041450777
13 0.62109375 0.8601036269430051 0.02685546875 0.02266839378238342
11 0.2578125 0.5854922279792746 0.0244140625 0.03756476683937824
1 0.3916015625 0.5129533678756477 0.0283203125 0.046632124352331605
2 0.51953125 0.37694300518134716 0.05615234375 0.02461139896373057
1 0.33447265625 0.7331606217616581 0.02880859375 0.03562176165803109
11 0.64990234375 0.7091968911917098 0.02294921875 0.03821243523316062
0 0.5888671875 0.2778497409326425 0.0302734375 0.09974093264248704
2 0.38525390625 0.5867875647668394 0.04833984375 0.04339378238341969
6 0.2734375 0.7383419689119171 0.02685546875 0.06411917098445596
11 0.35400390625 0.5628238341968912 0.03076171875 0.027849740932642485
2 0.79833984375 0.6023316062176166 0.04931640625 0.04598445595854922
0 0.59326171875 0.14443005181347152 0.07568359375 0.042746113989637305
4 0.27099609375 0.6683937823834197 0.0322265625 0.046632124352331605
11 0.7451171875 0.5686528497409327 0.02294921875 0.03756476683937824
3 0.28662109375 0.14378238341968913 0.025390625 0.15220207253886012
0 0.5751953125 0.18588082901554404 0.068359375 0.06865284974093264
1 0.7666015625 0.7953367875647669 0.0283203125 0.03626943005181347
1 0.384765625 0.552461139896373 0.02685546875 0.036917098445595854
0 0.54931640625 0.7318652849740933 0.0703125 0.05893782383419689
0 0.56787109375 0.4585492227979275 0.0791015625 0.02461139896373057
2 0.4384765625 0.10038860103626943 0.04541015625 0.052461139896373056
2 0.7470703125 0.7739637305699482 0.0341796875 0.06411917098445596
2 0.30908203125 0.4332901554404145 0.05029296875 0.02655440414507772
0 0.31982421875 0.6904145077720207 0.06689453125 0.06023316062176166
2 0.4072265625 0.09196891191709844 0.033203125 0.06606217616580311
2 0.3037109375 0.3082901554404145 0.04345703125 0.056347150259067356
11 0.71337890625 0.46049222797927464 0.02978515625 0.033031088082901554
0 0.42529296875 0.4585492227979275 0.06591796875 0.07318652849740932
4 0.42578125 0.8348445595854922 0.0263671875 0.04987046632124352
2 0.18408203125 0.6340673575129534 0.04833984375 0.025259067357512953
3 0.677734375 0.3756476683937824 0.11474609375 0.05958549222797927
2 0.3505859375 0.6126943005181347 0.044921875 0.05181347150259067
3 0.51171875 0.25971502590673573 0.10009765625 0.11010362694300518
1 0.33837890625 0.4851036269430052 0.03125 0.04145077720207254
3 0.34130859375 0.3167098445595855 0.0517578125 0.15025906735751296
0 0.296875 0.8743523316062176 0.044921875 0.08678756476683938
9 0.31640625 0.822538860103627 0.0234375 0.02461139896373057
8 0.32861328125 0.7441709844559585 0.04443359375 0.05699481865284974
9 0.4580078125 0.7992227979274611 0.0224609375 0.029145077720207253
13 0.28857421875 0.6826424870466321 0.0146484375 0.042746113989637305
13 0.53076171875 0.36075129533678757 0.029296875 0.02266839378238342
12 0.720703125 0.483160621761658 0.01806640625 0.02461139896373057
13 0.62255859375 0.8380829015544041 0.0341796875 0.027202072538860103