10 0.78466796875 0.3322538860103627 0.0234375 0.033031088082901554
13 0.70068359375 0.49093264248704666 0.029296875 0.022020725388601035
12 0.7177734375 0.7202072538860104 0.033203125 0.02072538860103627
5 0.568359375 0.3626943005181347 0.06787109375 0.05764248704663212
9 0.38134765625 0.12629533678756477 0.021484375 0.022020725388601035
5 0.48095703125 0.7733160621761658 0.02734375 0.1016839378238342
13 0.638671875 0.21955958549222798 0.0166015625 0.034974093264248704
13 0.39013671875 0.11139896373056994 0.025390625 0.03238341968911917
8 0.76318359375 0.33484455958549225 0.021484375 0.0667098445595855
10 0.28369140625 0.3950777202072539 0.02685546875 0.02655440414507772
13 0.73486328125 0.15997409326424872 0.02880859375 0.02266839378238342
13 0.4130859375 0.6567357512953368 0.01611328125 0.044689119170984455
13 0.49755859375 0.7668393782383419 0.02978515625 0.031088082901554404
12 0.70556640625 0.241580310880829 0.03125 0.02655440414507772
12 0.6767578125 0.42357512953367876 0.02001953125 0.03950777202072539
13 0.43115234375 0.6580310880829016 0.0244140625 0.029792746113989636
8 0.4150390625 0.8860103626943006 0.02099609375 0.06411917098445596
4 0.47265625 0.7843264248704663 0.015625 0.05375647668393782
9 0.49365234375 0.913860103626943 0.0234375 0.03044041450777202
8 0.7509765625 0.4371761658031088 0.01806640625 0.06606217616580311
13 0.4658203125 0.422279792746114 0.0263671875 0.029145077720207253
11 0.705078125 0.7506476683937824 0.02734375 0.02461139896373057
5 0.57470703125 0.7208549222797928 0.07861328125 0.022020725388601035
10 0.30322265625 0.8717616580310881 0.013671875 0.03432642487046632
4 0.30126953125 0.5977979274611399 0.04248046875 0.029145077720207253
7 0.47900390625 0.4540155440414508 0.02099609375 0.0783678756476684
7 0.6201171875 0.6094559585492227 0.0234375 0.07124352331606218
11 0.728515625 0.7402849740932642 0.02490234375 0.031088082901554404
6 0.72412109375 0.4216321243523316 0.02734375 0.06735751295336788
10 0.3388671875 0.6217616580310881 0.02587890625 0.025259067357512953
11 0.43115234375 0.8724093264248705 0.01806640625 0.03821243523316062
7 0.3095703125 0.7765544041450777 0.0341796875 0.06800518134715026
4 0.40185546875 0.2422279792746114 0.01318359375 0.05116580310880829
7 0.32861328125 0.6133419689119171 0.05419921875 0.03367875647668394
9 0.70947265625 0.09520725388601037 0.0185546875 0.029792746113989636
0 0.75439453125 0.9740932642487047 0.0732421875 0.02461139896373057
4 0.77587890625 0.30310880829015546 0.03173828125 0.042746113989637305
1 0.23291015625 0.22020725388601037 0.0302734375 0.04145077720207254
7 0.31396484375 0.6949481865284974 0.03955078125 0.04404145077720207
7 0.732421875 0.46178756476683935 0.0166015625 0.07707253886010362
7 0.35888671875 0.05505181347150259 0.0390625 0.05310880829015544
1 0.2900390625 0.7130829015544041 0.033203125 0.04533678756476684
0 0.392578125 0.09261658031088082 0.04296875 0.08678756476683938
1 0.28759765625 0.23316062176165803 0.025390625 0.03626943005181347
11 0.7197265625 0.7791450777202072 0.02001953125 0.034974093264248704
0 0.72216796875 0.8050518134715026 0.07470703125 0.023963730569948185
7 0.5400390625 0.40803108808290156 0.04736328125 0.05375647668393782
11 0.3251953125 0.8626943005181347 0.0322265625 0.027202072538860103
11 0.39404296875 0.8737046632124352 0.0302734375 0.036917098445595854
11 0.669921875 0.7312176165803109 0.02001953125 0.03821243523316062
6 0.72119140625 0.18264248704663213 0.044921875 0.04598445595854922
12 0.279296875 0.6146373056994818 0.02978515625 0.029145077720207253
3 0.43994140625 0.788860103626943 0.09521484375 0.12629533678756477
2 0.43359375 0.1327720207253886 0.046875 0.04792746113989637
1 0.31982421875 0.2869170984455959 0.0322265625 0.03432642487046632
7 0.56494140625 0.6768134715025906 0.0419921875 0.06347150259067358
2 0.79150390625 0.9410621761658031 0.04736328125 0.02072538860103627
0 0.4541015625 0.6930051813471503 0.072265625 0.08484455958549222
8 0.72021484375 0.49158031088082904 0.03369140625 0.05893782383419689
1 0.228515625 0.49028497409326427 0.0263671875 0.044689119170984455
0 0.69873046875 0.21178756476683938 0.0673828125 0.05569948186528497
0 0.4765625 0.36139896373056996 0.07666015625 0.031088082901554404
2 0.7939453125 0.7895077720207254 0.03955078125 0.05699481865284974
1 0.75146484375 0.7551813471502591 0.0244140625 0.031088082901554404
0 0.78466796875 0.18393782383419688 0.02734375 0.0977979274611399
0 0.552734375 0.6800518134715026 0.05029296875 0.08678756476683938
2 0.83447265625 0.49417098445595853 0.04736328125 0.050518134715025906
6 0.25634765625 0.15867875647668395 0.0224609375 0.06347150259067358
11 0.3955078125 0.6722797927461139 0.02783203125 0.03562176165803109
2 0.35498046875 0.5252590673575129 0.03466796875 0.06606217616580311
3 0.3857421875 0.7610103626943006 0.099609375 0.11398963730569948
1 0.43359375 0.4585492227979275 0.03076171875 0.04339378238341969
2 0.33984375 0.15414507772020725 0.04443359375 0.04987046632124352
0 0.32861328125 0.8128238341968912 0.04248046875 0.0900259067357513
3 0.76513671875 0.1405440414507772 0.07958984375 0.12240932642487047
11 0.513671875 0.6042746113989638 0.02734375 0.03432642487046632
6 0.63916015625 0.13212435233160622 0.03466796875 0.05829015544041451
2 0.64697265625 0.6729274611398963 0.03466796875 0.06152849740932642
11 0.62744140625 0.6878238341968912 0.02685546875 0.03821243523316062
1 0.7880859375 0.8154145077720207 0.03125 0.04339378238341969
2 0.5625 0.9352331606217616 0.03369140625 0.06411917098445596
1 0.22021484375 0.6185233160621761 0.03271484375 0.044689119170984455
1 0.7626953125 0.3853626943005181 0.03466796875 0.044689119170984455
0 0.423828125 0.18588082901554404 0.05322265625 0.08484455958549222
7 0.5390625 0.2104922279792746 0.03759765625 0.06023316062176166
2 0.73046875 0.13860103626943004 0.04931640625 0.038860103626943004
2 0.3818359375 0.15479274611398963 0.04345703125 0.04922279792746114
3 0.3134765625 0.4889896373056995 0.017578125 0.16191709844559585
5 0.53662109375 0.4339378238341969 0.0849609375 0.02266839378238342
9 0.3994140625 0.8672279792746114 0.025390625 0.02655440414507772
13 0.33251953125 0.711139896373057 0.02294921875 0.04533678756476684
13 0.69775390625 0.40414507772020725 0.0205078125 0.034974093264248704