4 0.3466796875 0.9527202072538861 0.04248046875 0.02461139896373057
8 0.7978515625 0.4954663212435233 0.041015625 0.04922279792746114
8 0.7626953125 0.49805699481865284 0.03271484375 0.05829015544041451
7 0.7685546875 0.34132124352331605 0.01708984375 0.07383419689119171
10 0.701171875 0.6444300518134715 0.02197265625 0.029792746113989636
13 0.306640625 0.43911917098445596 0.02294921875 0.034974093264248704
13 0.60205078125 0.14572538860103626 0.02490234375 0.03756476683937824
9 0.31884765625 0.7869170984455959 0.015625 0.03367875647668394
10 0.60302734375 0.7202072538860104 0.02392578125 0.018134715025906734
12 0.66748046875 0.7344559585492227 0.0146484375 0.03756476683937824
12 0.63330078125 0.7208549222797928 0.02978515625 0.023963730569948185
7 0.7998046875 0.18847150259067358 0.04931640625 0.027202072538860103
13 0.22998046875 0.4948186528497409 0.02783203125 0.023963730569948185
11 0.47509765625 0.1871761658031088 0.02001953125 0.02655440414507772
8 0.8623046875 0.4216321243523316 0.03955078125 0.038860103626943004
9 0.29833984375 0.7629533678756477 0.0234375 0.02072538860103627
8 0.7861328125 0.6534974093264249 0.01611328125 0.07124352331606218
1 0.26513671875 0.6483160621761658 0.0302734375 0.03756476683937824
10 0.6044921875 0.8270725388601037 0.0234375 0.023316062176165803
11 0.47265625 0.17033678756476683 0.0234375 0.03756476683937824
9 0.33203125 0.7759067357512953 0.0185546875 0.034974093264248704
6 0.7685546875 0.15803108808290156 0.02978515625 0.05958549222797927
1 0.30322265625 0.6159326424870466 0.02880859375 0.03626943005181347
4 0.7373046875 0.552461139896373 0.044921875 0.023963730569948185
13 0.19384765625 0.5582901554404145 0.0224609375 0.029792746113989636
13 0.587890625 0.12046632124352331 0.0146484375 0.036917098445595854
13 0.2041015625 0.4637305699481865 0.02783203125 0.02461139896373057
13 0.46337890625 0.12305699481865284 0.02099609375 0.03432642487046632
13 0.572265625 0.06088082901554404 0.01806640625 0.036917098445595854
7 0.28466796875 0.792098445595855 0.04931640625 0.052461139896373056
1 0.79443359375 0.43069948186528495 0.02685546875 0.03626943005181347
7 0.744140625 0.3322538860103627 0.0126953125 0.07124352331606218
13 0.3408203125 0.6787564766839378 0.017578125 0.03950777202072539
3 0.7822265625 0.7020725388601037 0.0205078125 0.16126943005181346
13 0.35546875 0.36917098445595853 0.02392578125 0.03173575129533679
2 0.33544921875 0.36917098445595853 0.03173828125 0.06865284974093264
7 0.36181640625 0.944300518134715 0.0478515625 0.04727979274611399
11 0.6162109375 0.5667098445595855 0.02392578125 0.03626943005181347
7 0.3017578125 0.5835492227979274 0.04345703125 0.05569948186528497
1 0.12939453125 0.6567357512953368 0.029296875 0.03626943005181347
5 0.416015625 0.19883419689119172 0.05615234375 0.07318652849740932
4 0.33837890625 0.9216321243523317 0.02001953125 0.05505181347150259
12 0.4423828125 0.8419689119170984 0.02685546875 0.03238341968911917
1 0.44140625 0.3555699481865285 0.0341796875 0.048575129533678756
1 0.30908203125 0.5148963730569949 0.02490234375 0.03173575129533679
11 0.28759765625 0.4488341968911917 0.01953125 0.04145077720207254
2 0.30126953125 0.5569948186528497 0.0390625 0.05829015544041451
6 0.619140625 0.5349740932642487 0.046875 0.04145077720207254
2 0.30908203125 0.33419689119170987 0.05029296875 0.025906735751295335
7 0.32275390625 0.7467616580310881 0.0517578125 0.03821243523316062
0 0.43994140625 0.15803108808290156 0.07421875 0.04339378238341969
4 0.76904296875 0.6185233160621761 0.03369140625 0.04339378238341969
11 0.5673828125 0.5926165803108808 0.02685546875 0.03238341968911917
11 0.16455078125 0.38212435233160624 0.02587890625 0.03626943005181347
7 0.3095703125 0.6580310880829016 0.046875 0.054404145077720206
1 0.9130859375 0.3594559585492228 0.0302734375 0.042746113989637305
11 0.701171875 0.5233160621761658 0.02685546875 0.029145077720207253
7 0.89453125 0.26813471502590674 0.04931640625 0.02655440414507772
0 0.7197265625 0.4015544041450777 0.03466796875 0.09844559585492228
6 0.88525390625 0.46113989637305697 0.0166015625 0.0705958549222798
5 0.201171875 0.3471502590673575 0.078125 0.016191709844559584
2 0.3916015625 0.822538860103627 0.0380859375 0.06347150259067358
2 0.7890625 0.5323834196891192 0.033203125 0.06217616580310881
2 0.654296875 0.7344559585492227 0.0205078125 0.06930051813471502
0 0.71484375 0.3477979274611399 0.068359375 0.056347150259067356
2 0.6865234375 0.6262953367875648 0.04345703125 0.05310880829015544
11 0.31640625 0.37759067357512954 0.02099609375 0.038860103626943004
3 0.70166015625 0.5667098445595855 0.119140625 0.022020725388601035
3 0.24169921875 0.6683937823834197 0.0517578125 0.15349740932642486
11 0.61181640625 0.7642487046632125 0.02685546875 0.02849740932642487
1 0.79931640625 0.3873056994818653 0.02734375 0.04015544041450777
0 0.7607421875 0.3905440414507772 0.06396484375 0.07124352331606218
0 0.22705078125 0.33419689119170987 0.06982421875 0.04598445595854922
10 0.8544921875 0.8167098445595855 0.02392578125 0.023963730569948185
9 0.38818359375 0.6107512953367875 0.021484375 0.03044041450777202
2 0.48779296875 0.45012953367875647 0.0498046875 0.02655440414507772
1 0.63818359375 0.6340673575129534 0.033203125 0.04598445595854922
1 0.18115234375 0.4585492227979275 0.0263671875 0.03367875647668394
2 0.42529296875 0.9462435233160622 0.0498046875 0.044689119170984455
2 0.458984375 0.27461139896373055 0.01904296875 0.06606217616580311
11 0.35107421875 0.3167098445595855 0.02392578125 0.03950777202072539
0 0.51171875 0.21955958549222798 0.04443359375 0.09455958549222798
5 0.20947265625 0.15867875647668395 0.06640625 0.044689119170984455
12 0.43408203125 0.7189119170984456 0.02490234375 0.03756476683937824
0 0.4970703125 0.3011658031088083 0.0673828125 0.07318652849740932
6 0.740234375 0.5194300518134715 0.041015625 0.050518134715025906
3 0.7763671875 0.26295336787564766 0.06005859375 0.13924870466321243
0 0.21533203125 0.5660621761658031 0.0615234375 0.07512953367875648
0 0.5498046875 0.30505181347150256 0.05712890625 0.08419689119170984
5 0.283203125 0.13212435233160622 0.04345703125 0.08160621761658031
0 0.64404296875 0.26878238341968913 0.07177734375 0.06023316062176166
7 0.7353515625 0.31476683937823835 0.0205078125 0.07383419689119171