13 0.39306640625 0.7344559585492227 0.0166015625 0.048575129533678756
7 0.64013671875 0.8167098445595855 0.0390625 0.06088082901554404
5 0.37451171875 0.6748704663212435 0.04931640625 0.09132124352331607
7 0.3388671875 0.19235751295336787 0.03955078125 0.052461139896373056
4 0.42529296875 0.819300518134715 0.0302734375 0.056347150259067356
7 0.525390625 0.772020725388601 0.0390625 0.05505181347150259
5 0.2763671875 0.4805699481865285 0.03369140625 0.09520725388601037
8 0.36279296875 0.6800518134715026 0.0361328125 0.06282383419689119
12 0.36962890625 0.19689119170984457 0.02392578125 0.03044041450777202
13 0.33984375 0.655440414507772 0.01904296875 0.02655440414507772
12 0.6513671875 0.20401554404145078 0.0361328125 0.018134715025906734
13 0.5703125 0.6826424870466321 0.02392578125 0.031088082901554404
13 0.30419921875 0.17746113989637305 0.02783203125 0.025259067357512953
13 0.67626953125 0.5051813471502591 0.029296875 0.019430051813471502
5 0.62939453125 0.21696891191709844 0.07666015625 0.04922279792746114
9 0.37890625 0.7363989637305699 0.0263671875 0.022020725388601035
7 0.29150390625 0.16515544041450778 0.0390625 0.05958549222797927
6 0.3955078125 0.8167098445595855 0.033203125 0.05893782383419689
7 0.60693359375 0.17551813471502592 0.041015625 0.05569948186528497
8 0.33837890625 0.30569948186528495 0.0478515625 0.02655440414507772
1 0.63134765625 0.7402849740932642 0.02734375 0.034974093264248704
7 0.3779296875 0.22409326424870465 0.05419921875 0.03432642487046632
13 0.58544921875 0.8167098445595855 0.02783203125 0.02461139896373057
1 0.44287109375 0.8102331606217616 0.0283203125 0.03238341968911917
4 0.7509765625 0.1955958549222798 0.0361328125 0.03044041450777202
7 0.537109375 0.29922279792746115 0.04541015625 0.04987046632124352
7 0.47412109375 0.9352331606217616 0.052734375 0.03173575129533679
2 0.265625 0.4883419689119171 0.0263671875 0.07383419689119171
13 0.39599609375 0.3594559585492228 0.03173828125 0.023316062176165803
7 0.47021484375 0.7940414507772021 0.05029296875 0.03756476683937824
11 0.38232421875 0.16645077720207255 0.02783203125 0.033031088082901554
10 0.54638671875 0.27525906735751293 0.02392578125 0.031088082901554404
3 0.62060546875 0.7623056994818653 0.1220703125 0.04145077720207254
0 0.64306640625 0.8646373056994818 0.01416015625 0.08549222797927461
11 0.68798828125 0.17551813471502592 0.0244140625 0.03562176165803109
1 0.73046875 0.6839378238341969 0.03466796875 0.042746113989637305
10 0.52587890625 0.6088082901554405 0.025390625 0.019430051813471502
1 0.63134765625 0.6994818652849741 0.0341796875 0.048575129533678756
3 0.20751953125 0.49676165803108807 0.01806640625 0.163860103626943
13 0.31396484375 0.3173575129533679 0.021484375 0.034974093264248704
0 0.24609375 0.4274611398963731 0.02001953125 0.10233160621761658
11 0.70947265625 0.5569948186528497 0.02587890625 0.036917098445595854
6 0.3232421875 0.6729274611398963 0.05126953125 0.018134715025906734
1 0.59130859375 0.5006476683937824 0.02587890625 0.034974093264248704
1 0.458984375 0.43588082901554404 0.02587890625 0.03756476683937824
6 0.708984375 0.3270725388601036 0.0185546875 0.0744818652849741
11 0.78076171875 0.16126943005181346 0.029296875 0.025259067357512953
0 0.7236328125 0.25712435233160624 0.033203125 0.09650259067357513
10 0.412109375 0.26295336787564766 0.02001953125 0.033031088082901554
1 0.68505859375 0.2189119170984456 0.025390625 0.03562176165803109
1 0.5751953125 0.3380829015544041 0.025390625 0.033031088082901554
0 0.76171875 0.6547927461139896 0.046875 0.08808290155440414
1 0.619140625 0.37823834196891193 0.0263671875 0.03238341968911917
0 0.3388671875 0.22215025906735753 0.04443359375 0.0900259067357513
7 0.57568359375 0.40479274611398963 0.0478515625 0.054404145077720206
11 0.716796875 0.43134715025906734 0.03173828125 0.027849740932642485
2 0.61669921875 0.819300518134715 0.01953125 0.06541450777202072
9 0.66748046875 0.25259067357512954 0.02392578125 0.021373056994818652
3 0.3984375 0.7823834196891192 0.11572265625 0.04792746113989637
0 0.24462890625 0.49740932642487046 0.02783203125 0.09715025906735751
1 0.56640625 0.044689119170984455 0.03173828125 0.04145077720207254
11 0.51025390625 0.22150259067357514 0.0263671875 0.038860103626943004
2 0.689453125 0.8076424870466321 0.0244140625 0.06541450777202072
11 0.75146484375 0.7752590673575129 0.02099609375 0.03821243523316062
0 0.28173828125 0.5187823834196891 0.03759765625 0.09909326424870467
0 0.59228515625 0.23510362694300518 0.041015625 0.09067357512953368
13 0.384765625 0.24935233160621761 0.02197265625 0.03044041450777202
12 0.330078125 0.2856217616580311 0.015625 0.044689119170984455
0 0.55859375 0.4022020725388601 0.0673828125 0.06735751295336788
4 0.55224609375 0.3639896373056995 0.0205078125 0.05505181347150259
2 0.7822265625 0.5887305699481865 0.0419921875 0.05569948186528497
2 0.3984375 0.9183937823834197 0.0185546875 0.06476683937823834
11 0.474609375 0.3173575129533679 0.02490234375 0.03950777202072539
11 0.345703125 0.41904145077720206 0.02978515625 0.02849740932642487
11 0.35302734375 0.5136010362694301 0.02880859375 0.027849740932642485
4 0.376953125 0.14313471502590674 0.02880859375 0.044689119170984455
2 0.69482421875 0.8698186528497409 0.04052734375 0.056347150259067356
5 0.5703125 0.772020725388601 0.056640625 0.08095854922279792
2 0.75390625 0.6042746113989638 0.0234375 0.06735751295336788
8 0.33251953125 0.8102331606217616 0.0478515625 0.036917098445595854
2 0.32177734375 0.1483160621761658 0.04736328125 0.04922279792746114
6 0.70458984375 0.5233160621761658 0.0546875 0.02266839378238342
2 0.25732421875 0.7959844559585493 0.0439453125 0.054404145077720206
9 0.70751953125 0.1567357512953368 0.02001953125 0.025906735751295335
3 0.6162109375 0.3225388601036269 0.10302734375 0.1094559585492228
2 0.2978515625 0.12694300518134716 0.03369140625 0.06217616580310881
0 0.64599609375 0.172279792746114 0.06494140625 0.07642487046632124
12 0.38037109375 0.19624352331606218 0.029296875 0.027849740932642485
8 0.2158203125 0.5123056994818653 0.01220703125 0.07707253886010362
10 0.22705078125 0.5433937823834197 0.01318359375 0.04209844559585492
13 0.33935546875 0.2661917098445596 0.0361328125 0.02849740932642487
9 0.25439453125 0.5155440414507773 0.02197265625 0.036917098445595854