9 0.5576171875 0.6949481865284974 0.02294921875 0.025259067357512953
12 0.45166015625 0.8879533678756477 0.033203125 0.016191709844559584
13 0.4560546875 0.45012953367875647 0.0224609375 0.03238341968911917
13 0.2900390625 0.3626943005181347 0.02294921875 0.03173575129533679
7 0.39892578125 0.8788860103626943 0.048828125 0.03562176165803109
13 0.47998046875 0.7260362694300518 0.02001953125 0.03626943005181347
10 0.615234375 0.8341968911917098 0.02392578125 0.02655440414507772
9 0.556640625 0.814119170984456 0.02099609375 0.021373056994818652
10 0.40283203125 0.6178756476683938 0.0185546875 0.036917098445595854
8 0.439453125 0.9080310880829016 0.04296875 0.054404145077720206
5 0.59228515625 0.22344559585492227 0.04443359375 0.08678756476683938
13 0.54248046875 0.6800518134715026 0.0234375 0.02266839378238342
13 0.72216796875 0.4889896373056995 0.02880859375 0.02266839378238342
12 0.4169921875 0.8044041450777202 0.0283203125 0.02849740932642487
13 0.72314453125 0.33613989637305697 0.0205078125 0.027849740932642485
8 0.5595703125 0.9060880829015544 0.0419921875 0.05310880829015544
5 0.71728515625 0.38212435233160624 0.07421875 0.019430051813471502
13 0.47509765625 0.31476683937823835 0.025390625 0.029145077720207253
9 0.7998046875 0.3128238341968912 0.02294921875 0.025906735751295335
9 0.296875 0.43458549222797926 0.0244140625 0.023963730569948185
7 0.22412109375 0.5097150259067358 0.0185546875 0.07253886010362694
7 0.376953125 0.23121761658031087 0.0205078125 0.06994818652849741
8 0.57763671875 0.8309585492227979 0.0478515625 0.03044041450777202
13 0.4931640625 0.2966321243523316 0.02734375 0.021373056994818652
8 0.72216796875 0.7487046632124352 0.015625 0.0705958549222798
7 0.62890625 0.741580310880829 0.05322265625 0.03173575129533679
0 0.26611328125 0.5200777202072538 0.0185546875 0.10686528497409327
7 0.279296875 0.5783678756476683 0.0546875 0.01683937823834197
7 0.56884765625 0.26748704663212436 0.05126953125 0.03432642487046632
5 0.67236328125 0.22862694300518135 0.068359375 0.04727979274611399
10 0.45556640625 0.7810880829015544 0.02001953125 0.03238341968911917
6 0.33984375 0.21761658031088082 0.05517578125 0.02655440414507772
11 0.30615234375 0.5997409326424871 0.02783203125 0.029145077720207253
7 0.74609375 0.5615284974093264 0.0390625 0.056347150259067356
0 0.39306640625 0.23316062176165803 0.03125 0.09455958549222798
11 0.71923828125 0.560880829015544 0.02685546875 0.02655440414507772
2 0.62646484375 0.7642487046632125 0.048828125 0.04533678756476684
11 0.28759765625 0.7325129533678757 0.02734375 0.03173575129533679
1 0.73876953125 0.5414507772020726 0.02587890625 0.03238341968911917
1 0.39306640625 0.2927461139896373 0.0283203125 0.03821243523316062
11 0.28515625 0.5181347150259067 0.02392578125 0.03821243523316062
7 0.7705078125 0.8866580310880829 0.0185546875 0.06800518134715026
1 0.32080078125 0.241580310880829 0.0341796875 0.03626943005181347
11 0.27587890625 0.3426165803108808 0.017578125 0.034974093264248704
7 0.169921875 0.38795336787564766 0.05126953125 0.020077720207253884
0 0.537109375 0.7933937823834197 0.07470703125 0.021373056994818652
0 0.52685546875 0.2914507772020725 0.01904296875 0.1055699481865285
6 0.1689453125 0.5213730569948186 0.0498046875 0.020077720207253884
0 0.2373046875 0.46243523316062174 0.01806640625 0.1094559585492228
6 0.42138671875 0.9229274611398963 0.04931640625 0.03821243523316062
0 0.720703125 0.5213730569948186 0.0625 0.07707253886010362
2 0.4033203125 0.17746113989637305 0.03076171875 0.06411917098445596
11 0.474609375 0.14572538860103626 0.02294921875 0.04145077720207254
2 0.18505859375 0.18911917098445596 0.0185546875 0.06735751295336788
4 0.6943359375 0.5919689119170984 0.03515625 0.04209844559585492
7 0.4091796875 0.2707253886010363 0.0146484375 0.07253886010362694
2 0.318359375 0.9455958549222798 0.03564453125 0.06023316062176166
1 0.82666015625 0.5900259067357513 0.02685546875 0.033031088082901554
6 0.361328125 0.5142487046632125 0.044921875 0.05764248704663212
1 0.4912109375 0.03562176165803109 0.02587890625 0.036917098445595854
11 0.53271484375 0.3490932642487047 0.03173828125 0.025259067357512953
0 0.62451171875 0.8154145077720207 0.07421875 0.02849740932642487
1 0.28564453125 0.9158031088082902 0.02734375 0.03044041450777202
1 0.845703125 0.39378238341968913 0.02734375 0.03562176165803109
4 0.7373046875 0.8756476683937824 0.037109375 0.01683937823834197
0 0.3271484375 0.8879533678756477 0.07470703125 0.04209844559585492
1 0.4443359375 0.46696891191709844 0.02490234375 0.03626943005181347
13 0.4970703125 0.45012953367875647 0.0185546875 0.03821243523316062
2 0.423828125 0.5958549222797928 0.0302734375 0.06994818652849741
1 0.63623046875 0.5272020725388601 0.03564453125 0.04404145077720207
2 0.37255859375 0.9326424870466321 0.0478515625 0.03044041450777202
2 0.81396484375 0.3477979274611399 0.0478515625 0.029792746113989636
2 0.298828125 0.8167098445595855 0.0380859375 0.06282383419689119
11 0.60986328125 0.6729274611398963 0.01904296875 0.02461139896373057
11 0.37890625 0.5025906735751295 0.03125 0.027849740932642485
0 0.2841796875 0.6534974093264249 0.03662109375 0.09326424870466321
2 0.5205078125 0.21955958549222798 0.04296875 0.054404145077720206
4 0.73876953125 0.9067357512953368 0.0380859375 0.022020725388601035
3 0.24951171875 0.7189119170984456 0.10009765625 0.10427461139896373
3 0.3076171875 0.3115284974093264 0.0830078125 0.13147668393782383
11 0.48291015625 0.6509067357512953 0.02783203125 0.031088082901554404
3 0.66552734375 0.3076424870466321 0.111328125 0.06347150259067358
4 0.3583984375 0.5362694300518135 0.03369140625 0.04792746113989637
10 0.1416015625 0.8089378238341969 0.02197265625 0.025906735751295335
12 0.6845703125 0.23834196891191708 0.0283203125 0.033031088082901554
5 0.689453125 0.12176165803108809 0.046875 0.07966321243523317
0 0.16259765625 0.21243523316062177 0.05322265625 0.07966321243523317
1 0.72900390625 0.3588082901554404 0.025390625 0.034974093264248704
2 0.474609375 0.2538860103626943 0.04248046875 0.056347150259067356
3 0.70166015625 0.7467616580310881 0.0615234375 0.14766839378238342
13 0.74853515625 0.3542746113989637 0.0205078125 0.03626943005181347
12 0.6416015625 0.7778497409326425 0.033203125 0.02461139896373057