13 0.52685546875 0.5187823834196891 0.02783203125 0.022020725388601035
8 0.2080078125 0.7318652849740933 0.03955078125 0.04339378238341969
8 0.80712890625 0.3329015544041451 0.04931640625 0.018134715025906734
11 0.65869140625 0.6761658031088082 0.013671875 0.03821243523316062
9 0.23681640625 0.9514248704663213 0.0234375 0.023963730569948185
13 0.69140625 0.6560880829015544 0.02734375 0.022020725388601035
8 0.3984375 0.8918393782383419 0.05029296875 0.021373056994818652
7 0.46240234375 0.20790155440414507 0.052734375 0.03367875647668394
12 0.2255859375 0.7869170984455959 0.0234375 0.038860103626943004
7 0.67431640625 0.6580310880829016 0.0234375 0.07383419689119171
10 0.77978515625 0.23769430051813473 0.0224609375 0.027849740932642485
12 0.62451171875 0.6547927461139896 0.017578125 0.04792746113989637
10 0.28076171875 0.7448186528497409 0.02587890625 0.01878238341968912
13 0.296875 0.8316062176165803 0.0244140625 0.02849740932642487
7 0.3271484375 0.3698186528497409 0.05322265625 0.027849740932642485
4 0.43408203125 0.15025906735751296 0.03369140625 0.036917098445595854
6 0.24853515625 0.7629533678756477 0.0458984375 0.02072538860103627
3 0.6826171875 0.23186528497409326 0.1181640625 0.04598445595854922
12 0.74755859375 0.810880829015544 0.02294921875 0.03562176165803109
7 0.43115234375 0.5472797927461139 0.0458984375 0.05181347150259067
7 0.63671875 0.7933937823834197 0.05712890625 0.01878238341968912
6 0.19677734375 0.6800518134715026 0.03271484375 0.06347150259067358
5 0.6357421875 0.5680051813471503 0.07177734375 0.03756476683937824
2 0.736328125 0.9501295336787565 0.05126953125 0.036917098445595854
5 0.70068359375 0.3898963730569948 0.07275390625 0.044689119170984455
7 0.3525390625 0.969559585492228 0.02734375 0.05699481865284974
1 0.39794921875 0.14378238341968913 0.03662109375 0.042746113989637305
13 0.60595703125 0.625 0.01953125 0.038860103626943004
4 0.2470703125 0.7959844559585493 0.033203125 0.03821243523316062
1 0.6875 0.8277202072538861 0.02490234375 0.025906735751295335
7 0.76611328125 0.6224093264248705 0.02197265625 0.07124352331606218
3 0.6884765625 0.9229274611398963 0.01708984375 0.14443005181347152
1 0.7490234375 0.6794041450777202 0.0341796875 0.04404145077720207
2 0.220703125 0.6761658031088082 0.01806640625 0.06606217616580311
11 0.6884765625 0.5926165803108808 0.02880859375 0.027202072538860103
1 0.39453125 0.25647668393782386 0.02978515625 0.038860103626943004
10 0.36669921875 0.22992227979274613 0.02587890625 0.02849740932642487
6 0.5927734375 0.6230569948186528 0.04296875 0.048575129533678756
13 0.3779296875 0.41580310880829013 0.01953125 0.03432642487046632
7 0.18603515625 0.46632124352331605 0.05078125 0.022020725388601035
1 0.25390625 0.28432642487046633 0.02685546875 0.03562176165803109
1 0.453125 0.05310880829015544 0.02587890625 0.03756476683937824
0 0.64306640625 0.6690414507772021 0.01806640625 0.10621761658031088
13 0.1767578125 0.6198186528497409 0.0263671875 0.02266839378238342
1 0.49267578125 0.15997409326424872 0.02587890625 0.03432642487046632
2 0.50732421875 0.2104922279792746 0.0419921875 0.05764248704663212
0 0.3583984375 0.4682642487046632 0.017578125 0.10427461139896373
8 0.3134765625 0.5673575129533679 0.046875 0.029145077720207253
11 0.56640625 0.3115284974093264 0.02001953125 0.04209844559585492
1 0.19970703125 0.572538860103627 0.02734375 0.03432642487046632
6 0.4052734375 0.5058290155440415 0.052734375 0.025906735751295335
5 0.54150390625 0.20725388601036268 0.0693359375 0.04922279792746114
11 0.7646484375 0.5563471502590673 0.0263671875 0.03238341968911917
4 0.26318359375 0.7286269430051814 0.0390625 0.017487046632124352
11 0.7919921875 0.16515544041450778 0.02099609375 0.04145077720207254
2 0.234375 0.28432642487046633 0.0185546875 0.06735751295336788
0 0.60205078125 0.8089378238341969 0.07666015625 0.021373056994818652
0 0.7275390625 0.27525906735751293 0.0576171875 0.07642487046632124
9 0.75390625 0.3393782383419689 0.0244140625 0.025259067357512953
0 0.3671875 0.5252590673575129 0.076171875 0.03173575129533679
11 0.78857421875 0.35751295336787564 0.02734375 0.03044041450777202
1 0.546875 0.12435233160621761 0.03173828125 0.04209844559585492
0 0.54052734375 0.3238341968911917 0.07421875 0.04987046632124352
0 0.75146484375 0.6204663212435233 0.0341796875 0.09909326424870467
11 0.654296875 0.47150259067357514 0.02978515625 0.03238341968911917
4 0.6708984375 0.38795336787564766 0.03271484375 0.04792746113989637
2 0.7529296875 0.9617875647668394 0.0478515625 0.036917098445595854
0 0.4736328125 0.8639896373056994 0.0732421875 0.03756476683937824
11 0.76708984375 0.3076424870466321 0.02685546875 0.029792746113989636
11 0.70556640625 0.7869170984455959 0.02783203125 0.029792746113989636
0 0.6474609375 0.19430051813471502 0.07373046875 0.03821243523316062
5 0.2822265625 0.5272020725388601 0.06494140625 0.06347150259067358
0 0.67578125 0.2810880829015544 0.04296875 0.0939119170984456
3 0.42724609375 0.20466321243523317 0.1171875 0.08031088082901554
7 0.52978515625 0.4961139896373057 0.0517578125 0.040803108808290155
2 0.21630859375 0.8827720207253886 0.021484375 0.06217616580310881
1 0.16455078125 0.719559585492228 0.03515625 0.04145077720207254
11 0.80419921875 0.8607512953367875 0.021484375 0.038860103626943004
2 0.74951171875 0.8406735751295337 0.048828125 0.04015544041450777
2 0.29150390625 0.7882124352331606 0.04833984375 0.04209844559585492
2 0.30029296875 0.22474093264248704 0.0244140625 0.06735751295336788
2 0.78515625 0.5038860103626943 0.0537109375 0.04404145077720207
3 0.79638671875 0.7610103626943006 0.1123046875 0.07383419689119171
10 0.29736328125 0.27202072538860106 0.02880859375 0.025906735751295335
13 0.26953125 0.3290155440414508 0.029296875 0.034974093264248704
7 0.443359375 0.5459844559585493 0.0458984375 0.06541450777202072
9 0.22509765625 0.7545336787564767 0.0234375 0.027849740932642485
13 0.57275390625 0.6010362694300518 0.0283203125 0.04404145077720207
9 0.81298828125 0.49287564766839376 0.0234375 0.034974093264248704
13 0.57861328125 0.32124352331606215 0.02685546875 0.03950777202072539
13 0.708984375 0.2759067357512953 0.0263671875 0.03562176165803109
12 0.67236328125 0.24805699481865284 0.0234375 0.042746113989637305