7 0.69189453125 0.6256476683937824 0.0546875 0.01878238341968912
9 0.42822265625 0.7959844559585493 0.0205078125 0.029792746113989636
10 0.494140625 0.8160621761658031 0.0234375 0.027849740932642485
7 0.4560546875 0.2603626943005181 0.0283203125 0.06606217616580311
8 0.68310546875 0.3866580310880829 0.01611328125 0.0667098445595855
11 0.36474609375 0.37759067357512954 0.03369140625 0.025906735751295335
4 0.36474609375 0.39378238341968913 0.0400390625 0.02461139896373057
13 0.3583984375 0.5155440414507773 0.02490234375 0.03432642487046632
9 0.37060546875 0.8095854922279793 0.02197265625 0.02655440414507772
8 0.7314453125 0.7014248704663213 0.0146484375 0.06735751295336788
10 0.5068359375 0.5919689119170984 0.01806640625 0.034974093264248704
10 0.55908203125 0.24740932642487046 0.0205078125 0.031088082901554404
12 0.44482421875 0.4494818652849741 0.0263671875 0.034974093264248704
5 0.24658203125 0.6405440414507773 0.0146484375 0.10038860103626943
4 0.5849609375 0.26424870466321243 0.0400390625 0.025259067357512953
13 0.40673828125 0.4332901554404145 0.0244140625 0.025259067357512953
7 0.552734375 0.5019430051813472 0.02978515625 0.06800518134715026
12 0.31982421875 0.7668393782383419 0.0302734375 0.027849740932642485
7 0.3955078125 0.3477979274611399 0.04541015625 0.04727979274611399
1 0.41552734375 0.45466321243523317 0.03466796875 0.03562176165803109
13 0.5537109375 0.3626943005181347 0.0205078125 0.03432642487046632
4 0.36279296875 0.7752590673575129 0.03857421875 0.029792746113989636
13 0.3408203125 0.6936528497409327 0.025390625 0.03044041450777202
13 0.330078125 0.7869170984455959 0.03173828125 0.023316062176165803
8 0.5205078125 0.5744818652849741 0.01904296875 0.06606217616580311
13 0.306640625 0.10880829015544041 0.02099609375 0.029792746113989636
5 0.2314453125 0.6787564766839378 0.01611328125 0.09585492227979274
13 0.71240234375 0.49805699481865284 0.015625 0.03756476683937824
5 0.2490234375 0.43069948186528495 0.052734375 0.08354922279792747
13 0.673828125 0.31023316062176165 0.02001953125 0.033031088082901554
7 0.32861328125 0.7998704663212435 0.05419921875 0.022020725388601035
7 0.474609375 0.7869170984455959 0.033203125 0.06606217616580311
7 0.55419921875 0.7396373056994818 0.05859375 0.019430051813471502
13 0.5732421875 0.1567357512953368 0.02978515625 0.022020725388601035
12 0.53466796875 0.2033678756476684 0.01708984375 0.04015544041450777
11 0.83642578125 0.45595854922279794 0.0263671875 0.03432642487046632
13 0.515625 0.7435233160621761 0.0224609375 0.03367875647668394
10 0.255859375 0.6295336787564767 0.01416015625 0.03367875647668394
6 0.6865234375 0.7784974093264249 0.02392578125 0.0667098445595855
0 0.841796875 0.16580310880829016 0.0654296875 0.025259067357512953
11 0.53759765625 0.6386010362694301 0.02392578125 0.03756476683937824
11 0.3994140625 0.5375647668393783 0.02978515625 0.027849740932642485
6 0.6591796875 0.5757772020725389 0.01953125 0.06865284974093264
1 0.24658203125 0.3270725388601036 0.03076171875 0.034974093264248704
1 0.2333984375 0.7739637305699482 0.029296875 0.033031088082901554
0 0.34912109375 0.8303108808290155 0.04296875 0.09132124352331607
1 0.236328125 0.49287564766839376 0.0263671875 0.03950777202072539
1 0.27197265625 0.8847150259067358 0.02587890625 0.03238341968911917
6 0.73291015625 0.8095854922279793 0.0439453125 0.04727979274611399
2 0.5146484375 0.22797927461139897 0.0400390625 0.05505181347150259
0 0.8271484375 0.8102331606217616 0.01806640625 0.0939119170984456
0 0.82568359375 0.4255181347150259 0.03173828125 0.09715025906735751
2 0.5517578125 0.8957253886010362 0.0244140625 0.0667098445595855
0 0.6025390625 0.8808290155440415 0.02783203125 0.09585492227979274
2 0.55712890625 0.7091968911917098 0.04833984375 0.04987046632124352
1 0.28369140625 0.5025906735751295 0.0283203125 0.03367875647668394
0 0.4365234375 0.2182642487046632 0.0771484375 0.02266839378238342
9 0.65576171875 0.46243523316062174 0.021484375 0.027849740932642485
11 0.578125 0.6683937823834197 0.01806640625 0.03756476683937824
0 0.4228515625 0.3134715025906736 0.0146484375 0.10362694300518134
1 0.34326171875 0.34974093264248707 0.02880859375 0.04209844559585492
0 0.41162109375 0.49222797927461137 0.06982421875 0.05181347150259067
1 0.439453125 0.25712435233160624 0.02734375 0.036917098445595854
11 0.62060546875 0.24611398963730569 0.02685546875 0.033031088082901554
2 0.51708984375 0.14961139896373057 0.048828125 0.02266839378238342
3 0.70654296875 0.8523316062176166 0.0205078125 0.15479274611398963
2 0.34228515625 0.49676165803108807 0.037109375 0.06088082901554404
7 0.60595703125 0.1645077720207254 0.05712890625 0.02072538860103627
2 0.28125 0.5958549222797928 0.05078125 0.02655440414507772
2 0.81689453125 0.6509067357512953 0.03271484375 0.0667098445595855
2 0.697265625 0.45142487046632124 0.02685546875 0.06411917098445596
1 0.2470703125 0.5433937823834197 0.0322265625 0.04015544041450777
11 0.5361328125 0.37240932642487046 0.021484375 0.03821243523316062
3 0.55615234375 0.8613989637305699 0.095703125 0.11852331606217617
11 0.2822265625 0.15867875647668395 0.02099609375 0.03756476683937824
0 0.54931640625 0.2506476683937824 0.05859375 0.08160621761658031
2 0.7099609375 0.16968911917098445 0.04736328125 0.05569948186528497
1 0.35107421875 0.05375647668393782 0.03955078125 0.046632124352331605
11 0.5361328125 0.44624352331606215 0.02490234375 0.036917098445595854
2 0.783203125 0.75 0.04248046875 0.05310880829015544
11 0.40771484375 0.788860103626943 0.02490234375 0.03950777202072539
0 0.37744140625 0.4650259067357513 0.04052734375 0.1055699481865285
3 0.59033203125 0.7480569948186528 0.09912109375 0.11463730569948187
6 0.37744140625 0.42033678756476683 0.03173828125 0.06282383419689119
3 0.25244140625 0.25906735751295334 0.0869140625 0.11787564766839378
8 0.5693359375 0.6424870466321243 0.05615234375 0.03173575129533679
4 0.34130859375 0.8516839378238342 0.04052734375 0.02655440414507772
5 0.71435546875 0.6703367875647669 0.01953125 0.1055699481865285
7 0.720703125 0.7227979274611399 0.021484375 0.08095854922279792
12 0.4345703125 0.45142487046632124 0.0224609375 0.048575129533678756
7 0.375 0.5038860103626943 0.02880859375 0.07124352331606218
9 0.34375 0.04922279792746114 0.02099609375 0.027202072538860103