13 0.66796875 0.5783678756476683 0.0302734375 0.027849740932642485
13 0.39404296875 0.8257772020725389 0.0263671875 0.022020725388601035
9 0.4052734375 0.8542746113989638 0.02001953125 0.027849740932642485
13 0.25390625 0.5168393782383419 0.0234375 0.023963730569948185
12 0.4931640625 0.7933937823834197 0.03271484375 0.02072538860103627
8 0.37353515625 0.6580310880829016 0.03515625 0.05958549222797927
8 0.798828125 0.3646373056994819 0.0146484375 0.06735751295336788
11 0.25 0.18199481865284975 0.021484375 0.02849740932642487
6 0.4150390625 0.2700777202072539 0.0146484375 0.06865284974093264
10 0.40576171875 0.8354922279792746 0.025390625 0.025906735751295335
9 0.841796875 0.15090673575129535 0.01708984375 0.031088082901554404
9 0.5068359375 0.7480569948186528 0.017578125 0.027202072538860103
13 0.35888671875 0.716321243523316 0.01611328125 0.03432642487046632
13 0.65673828125 0.5168393782383419 0.0185546875 0.02266839378238342
13 0.5205078125 0.15738341968911918 0.0205078125 0.03173575129533679
9 0.49951171875 0.555699481865285 0.02734375 0.033031088082901554
11 0.5517578125 0.35233160621761656 0.0185546875 0.04404145077720207
8 0.61279296875 0.25971502590673573 0.0478515625 0.03044041450777202
7 0.51904296875 0.29922279792746115 0.03125 0.06606217616580311
6 0.53857421875 0.32059585492227977 0.0263671875 0.06735751295336788
7 0.47802734375 0.2707253886010363 0.05419921875 0.03562176165803109
13 0.6708984375 0.6172279792746114 0.0205078125 0.03821243523316062
11 0.3173828125 0.8063471502590673 0.0283203125 0.027202072538860103
11 0.263671875 0.49417098445595853 0.01953125 0.04015544041450777
5 0.46337890625 0.7791450777202072 0.04052734375 0.09196891191709844
7 0.681640625 0.7053108808290155 0.04345703125 0.05569948186528497
13 0.37744140625 0.16968911917098445 0.02978515625 0.022020725388601035
7 0.4189453125 0.772020725388601 0.05615234375 0.022020725388601035
7 0.85498046875 0.30569948186528495 0.041015625 0.03432642487046632
5 0.3115234375 0.31023316062176165 0.03125 0.09326424870466321
0 0.4423828125 0.22150259067357514 0.02734375 0.09585492227979274
5 0.236328125 0.508419689119171 0.02197265625 0.1016839378238342
1 0.26416015625 0.15738341968911918 0.02587890625 0.03626943005181347
4 0.2900390625 0.37240932642487046 0.0263671875 0.04598445595854922
7 0.478515625 0.054404145077720206 0.01904296875 0.06800518134715026
1 0.28662109375 0.1483160621761658 0.02880859375 0.04015544041450777
1 0.37158203125 0.42357512953367876 0.0302734375 0.03950777202072539
1 0.22607421875 0.5550518134715026 0.02783203125 0.04145077720207254
4 0.5126953125 0.8069948186528497 0.0224609375 0.050518134715025906
7 0.5244140625 0.852979274611399 0.01806640625 0.07189119170984457
2 0.53515625 0.7370466321243523 0.05224609375 0.023316062176165803
1 0.28662109375 0.5369170984455959 0.02490234375 0.034974093264248704
10 0.28466796875 0.3426165803108808 0.02783203125 0.02266839378238342
1 0.70068359375 0.6599740932642487 0.0224609375 0.03432642487046632
0 0.26953125 0.5459844559585493 0.03564453125 0.10038860103626943
2 0.72705078125 0.6256476683937824 0.05322265625 0.04792746113989637
11 0.4921875 0.5284974093264249 0.02685546875 0.033031088082901554
2 0.70361328125 0.18329015544041452 0.044921875 0.05505181347150259
11 0.533203125 0.7597150259067358 0.02685546875 0.029145077720207253
6 0.4404296875 0.16321243523316062 0.05029296875 0.03432642487046632
1 0.3662109375 0.1955958549222798 0.02734375 0.03562176165803109
8 0.65478515625 0.677461139896373 0.046875 0.03367875647668394
2 0.30029296875 0.12823834196891193 0.046875 0.04598445595854922
0 0.56591796875 0.7856217616580311 0.07763671875 0.023316062176165803
2 0.361328125 0.47150259067357514 0.04541015625 0.04987046632124352
6 0.66162109375 0.23898963730569947 0.03515625 0.06282383419689119
3 0.6611328125 0.5485751295336787 0.064453125 0.14766839378238342
0 0.3564453125 0.5071243523316062 0.07568359375 0.03626943005181347
10 0.37353515625 0.7169689119170984 0.02001953125 0.029792746113989636
0 0.5703125 0.35297927461139894 0.04541015625 0.0939119170984456
10 0.6103515625 0.34067357512953367 0.0244140625 0.027202072538860103
5 0.53173828125 0.7117875647668394 0.0712890625 0.05375647668393782
0 0.77587890625 0.46632124352331605 0.0283203125 0.09650259067357513
13 0.69189453125 0.4851036269430052 0.02978515625 0.021373056994818652
3 0.4052734375 0.3069948186528497 0.02587890625 0.15932642487046633
0 0.24072265625 0.7240932642487047 0.02880859375 0.1055699481865285
4 0.4111328125 0.8691709844559585 0.03564453125 0.040803108808290155
1 0.44921875 0.5025906735751295 0.0322265625 0.03756476683937824
1 0.58203125 0.25582901554404147 0.02880859375 0.04404145077720207
11 0.51171875 0.08095854922279792 0.02099609375 0.038860103626943004
3 0.30615234375 0.7784974093264249 0.11181640625 0.08419689119170984
11 0.3369140625 0.5349740932642487 0.03271484375 0.025259067357512953
2 0.697265625 0.5239637305699482 0.046875 0.052461139896373056
1 0.65283203125 0.6489637305699482 0.03125 0.03821243523316062
0 0.4560546875 0.8231865284974094 0.0751953125 0.03950777202072539
3 0.77294921875 0.6658031088082902 0.10986328125 0.07253886010362694
0 0.2958984375 0.21437823834196892 0.06396484375 0.0667098445595855
2 0.83935546875 0.836139896373057 0.033203125 0.06217616580310881
2 0.25 0.21437823834196892 0.0361328125 0.05829015544041451
0 0.7158203125 0.6722797927461139 0.05517578125 0.08678756476683938
2 0.38134765625 0.8121761658031088 0.0498046875 0.04339378238341969
2 0.85498046875 0.8354922279792746 0.03076171875 0.06800518134715026
4 0.466796875 0.28367875647668395 0.04443359375 0.03173575129533679
12 0.25439453125 0.5479274611398963 0.0166015625 0.052461139896373056
11 0.2509765625 0.7772020725388601 0.0283203125 0.03367875647668394
12 0.69189453125 0.6398963730569949 0.03271484375 0.027849740932642485
12 0.67626953125 0.6431347150259067 0.0146484375 0.04015544041450777
11 0.68603515625 0.6722797927461139 0.0185546875 0.03562176165803109
7 0.412109375 0.19235751295336787 0.03369140625 0.06411917098445596
7 0.45458984375 0.24546632124352333 0.05078125 0.03950777202072539
13 0.3076171875 0.1955958549222798 0.02880859375 0.02849740932642487
7 0.26806640625 0.20790155440414507 0.02880859375 0.06930051813471502