12 0.57080078125 0.6373056994818653 0.01953125 0.04209844559585492
7 0.6162109375 0.5136010362694301 0.05224609375 0.04339378238341969
13 0.7490234375 0.4183937823834197 0.02880859375 0.019430051813471502
4 0.77099609375 0.6049222797927462 0.0400390625 0.02461139896373057
13 0.486328125 0.4734455958549223 0.029296875 0.031088082901554404
13 0.33740234375 0.08549222797927461 0.01806640625 0.04598445595854922
10 0.47900390625 0.23251295336787564 0.02490234375 0.019430051813471502
7 0.44140625 0.48639896373056996 0.05419921875 0.020077720207253884
12 0.396484375 0.3944300518134715 0.029296875 0.04145077720207254
7 0.39501953125 0.7623056994818653 0.05224609375 0.022020725388601035
7 0.51708984375 0.5518134715025906 0.04638671875 0.054404145077720206
4 0.60595703125 0.4533678756476684 0.0166015625 0.056347150259067356
5 0.35888671875 0.4009067357512953 0.07421875 0.03044041450777202
11 0.44384765625 0.5479274611398963 0.02392578125 0.04339378238341969
9 0.2998046875 0.6839378238341969 0.021484375 0.03173575129533679
13 0.455078125 0.5718911917098446 0.01806640625 0.036917098445595854
13 0.44287109375 0.45531088082901555 0.02685546875 0.027849740932642485
9 0.3154296875 0.5142487046632125 0.01708984375 0.02266839378238342
8 0.19482421875 0.43069948186528495 0.04541015625 0.029792746113989636
10 0.21142578125 0.6010362694300518 0.02197265625 0.029792746113989636
7 0.57080078125 0.018134715025906734 0.0517578125 0.02266839378238342
4 0.2177734375 0.8490932642487047 0.01708984375 0.05116580310880829
5 0.6142578125 0.7797927461139896 0.07666015625 0.017487046632124352
13 0.32421875 0.34974093264248707 0.02490234375 0.025906735751295335
10 0.5234375 0.6424870466321243 0.015625 0.03626943005181347
5 0.302734375 0.09585492227979274 0.06982421875 0.03044041450777202
7 0.32861328125 0.4948186528497409 0.01953125 0.07383419689119171
7 0.396484375 0.4106217616580311 0.03369140625 0.06865284974093264
0 0.484375 0.6178756476683938 0.01806640625 0.10427461139896373
9 0.28515625 0.2810880829015544 0.0224609375 0.023963730569948185
4 0.3662109375 0.7636010362694301 0.037109375 0.03562176165803109
1 0.29833984375 0.8510362694300518 0.02490234375 0.03432642487046632
3 0.427734375 0.7480569948186528 0.115234375 0.0900259067357513
13 0.55712890625 0.21308290155440415 0.0263671875 0.029145077720207253
3 0.712890625 0.4268134715025907 0.0595703125 0.2033678756476684
11 0.50390625 0.6159326424870466 0.02978515625 0.027849740932642485
11 0.48583984375 0.4579015544041451 0.0302734375 0.02266839378238342
11 0.2529296875 0.7312176165803109 0.029296875 0.025259067357512953
0 0.77197265625 0.530440414507772 0.0732421875 0.02266839378238342
2 0.4404296875 0.5090673575129534 0.05224609375 0.02461139896373057
7 0.4296875 0.5498704663212435 0.03662109375 0.05958549222797927
8 0.22265625 0.822538860103627 0.0302734375 0.0667098445595855
2 0.50244140625 0.01878238341968912 0.03857421875 0.029792746113989636
6 0.31103515625 0.14248704663212436 0.0478515625 0.03432642487046632
11 0.74853515625 0.4734455958549223 0.0263671875 0.034974093264248704
1 0.64111328125 0.7577720207253886 0.0302734375 0.03432642487046632
1 0.49267578125 0.5485751295336787 0.02978515625 0.038860103626943004
0 0.27001953125 0.7636010362694301 0.0712890625 0.03044041450777202
2 0.6787109375 0.3173575129533679 0.05126953125 0.040803108808290155
6 0.32763671875 0.2603626943005181 0.05029296875 0.023963730569948185
11 0.44921875 0.6664507772020726 0.02099609375 0.042746113989637305
0 0.626953125 0.4630829015544041 0.0322265625 0.10816062176165803
10 0.57958984375 0.6768134715025906 0.0185546875 0.034974093264248704
1 0.68408203125 0.5414507772020726 0.02587890625 0.03626943005181347
1 0.67724609375 0.7467616580310881 0.0322265625 0.03562176165803109
0 0.51513671875 0.5200777202072538 0.0673828125 0.06735751295336788
6 0.689453125 0.4689119170984456 0.0439453125 0.04792746113989637
1 0.41357421875 0.17616580310880828 0.03369140625 0.044689119170984455
2 0.29443359375 0.875 0.03759765625 0.05505181347150259
11 0.59814453125 0.542098445595855 0.029296875 0.029145077720207253
5 0.60693359375 0.28756476683937826 0.0732421875 0.03756476683937824
11 0.70458984375 0.7765544041450777 0.01953125 0.02461139896373057
2 0.3193359375 0.8549222797927462 0.02392578125 0.06930051813471502
0 0.49951171875 0.03756476683937824 0.064453125 0.06411917098445596
0 0.73828125 0.7940414507772021 0.07666015625 0.021373056994818652
1 0.66552734375 0.2422279792746114 0.03466796875 0.04792746113989637
3 0.240234375 0.8115284974093264 0.119140625 0.027849740932642485
2 0.5 0.6839378238341969 0.05078125 0.034974093264248704
0 0.4326171875 0.04792746113989637 0.0703125 0.04209844559585492
1 0.7216796875 0.18847150259067358 0.03369140625 0.044689119170984455
2 0.833984375 0.029792746113989636 0.046875 0.02266839378238342
0 0.35205078125 0.10751295336787564 0.0517578125 0.08743523316062177
9 0.71337890625 0.4792746113989637 0.01806640625 0.027849740932642485
3 0.64404296875 0.3180051813471503 0.11376953125 0.07642487046632124
11 0.74267578125 0.7564766839378239 0.025390625 0.03367875647668394
1 0.7783203125 0.5751295336787565 0.02978515625 0.04209844559585492
2 0.826171875 0.4838082901554404 0.04833984375 0.033031088082901554
11 0.728515625 0.39831606217616583 0.01806640625 0.03756476683937824
2 0.1865234375 0.13924870466321243 0.0185546875 0.06282383419689119
1 0.673828125 0.4164507772020725 0.02685546875 0.03950777202072539
2 0.4453125 0.07642487046632124 0.0478515625 0.03950777202072539
0 0.29736328125 0.5181347150259067 0.06640625 0.06606217616580311
8 0.40966796875 0.7221502590673575 0.05029296875 0.05764248704663212
8 0.28759765625 0.7480569948186528 0.03369140625 0.06411917098445596
13 0.43359375 0.4721502590673575 0.02880859375 0.020077720207253884
13 0.49267578125 0.5757772020725389 0.01611328125 0.03238341968911917
12 0.65673828125 0.43458549222797926 0.03369140625 0.029792746113989636
6 0.73486328125 0.4430051813471503 0.048828125 0.038860103626943004
7 0.318359375 0.09196891191709844 0.05078125 0.03367875647668394
13 0.7275390625 0.5343264248704663 0.01953125 0.025259067357512953
12 0.43212890625 0.5265544041450777 0.0185546875 0.02461139896373057