7 0.77490234375 0.5744818652849741 0.04931640625 0.04987046632124352
7 0.52734375 0.7512953367875648 0.02392578125 0.07189119170984457
5 0.294921875 0.7286269430051814 0.0361328125 0.09196891191709844
12 0.81884765625 0.3011658031088083 0.01416015625 0.042746113989637305
13 0.779296875 0.8503886010362695 0.01806640625 0.03432642487046632
8 0.5234375 0.6871761658031088 0.05029296875 0.027849740932642485
13 0.74755859375 0.5900259067357513 0.021484375 0.03562176165803109
10 0.53955078125 0.7746113989637305 0.01513671875 0.036917098445595854
13 0.48291015625 0.6606217616580311 0.02490234375 0.033031088082901554
9 0.41357421875 0.3853626943005181 0.0205078125 0.03432642487046632
4 0.81640625 0.7603626943005182 0.03662109375 0.02072538860103627
9 0.6142578125 0.3911917098445596 0.02294921875 0.020077720207253884
10 0.64306640625 0.5990932642487047 0.01513671875 0.033031088082901554
12 0.73193359375 0.5479274611398963 0.0341796875 0.021373056994818652
6 0.7880859375 0.34132124352331605 0.01904296875 0.06411917098445596
7 0.59130859375 0.22538860103626943 0.0517578125 0.033031088082901554
10 0.5751953125 0.7797927461139896 0.02197265625 0.03173575129533679
11 0.6884765625 0.15284974093264247 0.03466796875 0.025906735751295335
13 0.81640625 0.6055699481865285 0.0234375 0.02849740932642487
13 0.376953125 0.8076424870466321 0.0302734375 0.02266839378238342
13 0.4111328125 0.8426165803108808 0.01806640625 0.034974093264248704
13 0.5146484375 0.39896373056994816 0.01611328125 0.038860103626943004
0 0.77587890625 0.3639896373056995 0.021484375 0.09974093264248704
7 0.349609375 0.4494818652849741 0.05419921875 0.031088082901554404
8 0.51708984375 0.7506476683937824 0.0283203125 0.06865284974093264
8 0.810546875 0.3380829015544041 0.025390625 0.06994818652849741
7 0.6376953125 0.20207253886010362 0.0478515625 0.04987046632124352
1 0.56884765625 0.841321243523316 0.03271484375 0.04598445595854922
11 0.5859375 0.38277202072538863 0.02734375 0.020077720207253884
11 0.6142578125 0.8341968911917098 0.02978515625 0.02461139896373057
7 0.82568359375 0.6282383419689119 0.05078125 0.027849740932642485
11 0.48388671875 0.8173575129533679 0.03076171875 0.022020725388601035
11 0.48291015625 0.7007772020725389 0.02783203125 0.029792746113989636
11 0.61181640625 0.19300518134715025 0.0341796875 0.033031088082901554
0 0.48486328125 0.780440414507772 0.07421875 0.025906735751295335
13 0.5712890625 0.6878238341968912 0.0283203125 0.023963730569948185
3 0.46240234375 0.266839378238342 0.1064453125 0.09909326424870467
0 0.7998046875 0.38924870466321243 0.0166015625 0.09844559585492228
2 0.70849609375 0.20466321243523317 0.0244140625 0.06735751295336788
9 0.36181640625 0.9009067357512953 0.021484375 0.027849740932642485
6 0.5205078125 0.27331606217616583 0.0166015625 0.06800518134715026
1 0.61181640625 0.8147668393782384 0.02685546875 0.03626943005181347
11 0.4345703125 0.38924870466321243 0.025390625 0.03173575129533679
2 0.31298828125 0.16774611398963732 0.048828125 0.04598445595854922
4 0.70751953125 0.5744818652849741 0.017578125 0.05375647668393782
11 0.7939453125 0.8452072538860104 0.02734375 0.03173575129533679
2 0.7919921875 0.3076424870466321 0.02392578125 0.06994818652849741
4 0.48779296875 0.7137305699481865 0.0380859375 0.04339378238341969
2 0.4921875 0.2713730569948187 0.05029296875 0.05375647668393782
0 0.83251953125 0.694300518134715 0.017578125 0.09520725388601037
1 0.55126953125 0.8523316062176166 0.0283203125 0.03562176165803109
7 0.3896484375 0.45595854922279794 0.04638671875 0.05181347150259067
2 0.494140625 0.6509067357512953 0.04736328125 0.04727979274611399
2 0.62939453125 0.15544041450777202 0.0263671875 0.06476683937823834
6 0.35546875 0.24417098445595856 0.03955078125 0.05829015544041451
12 0.85546875 0.25841968911917096 0.02880859375 0.023316062176165803
5 0.3154296875 0.5239637305699482 0.07763671875 0.03562176165803109
5 0.47412109375 0.8011658031088082 0.07373046875 0.033031088082901554
10 0.7314453125 0.023963730569948185 0.02001953125 0.029792746113989636
7 0.82666015625 0.22085492227979275 0.05029296875 0.02461139896373057
0 0.70166015625 0.17810880829015543 0.02783203125 0.09974093264248704
11 0.3310546875 0.29857512953367876 0.0283203125 0.027849740932642485
12 0.3017578125 0.7448186528497409 0.0244140625 0.03626943005181347
1 0.17431640625 0.45595854922279794 0.02880859375 0.034974093264248704
1 0.4501953125 0.8588082901554405 0.0322265625 0.04145077720207254
1 0.45703125 0.8205958549222798 0.02734375 0.03367875647668394
0 0.345703125 0.21632124352331605 0.0712890625 0.056347150259067356
9 0.72265625 0.6256476683937824 0.01806640625 0.031088082901554404
2 0.68994140625 0.7480569948186528 0.0498046875 0.025259067357512953
0 0.85498046875 0.2979274611398964 0.0390625 0.0900259067357513
11 0.59326171875 0.41256476683937826 0.02587890625 0.03950777202072539
0 0.8076171875 0.6981865284974094 0.0302734375 0.09650259067357513
7 0.75830078125 0.39766839378238344 0.04931640625 0.05375647668393782
2 0.8603515625 0.6386010362694301 0.0283203125 0.06023316062176166
1 0.58154296875 0.6502590673575129 0.02978515625 0.04598445595854922
0 0.49462890625 0.6282383419689119 0.06982421875 0.06735751295336788
2 0.615234375 0.4410621761658031 0.05078125 0.025906735751295335
2 0.40625 0.927461139896373 0.02734375 0.06411917098445596
1 0.4677734375 0.9501295336787565 0.0263671875 0.036917098445595854
1 0.60791015625 0.0822538860103627 0.029296875 0.040803108808290155
1 0.6220703125 0.552461139896373 0.0341796875 0.03950777202072539
3 0.56396484375 0.780440414507772 0.07421875 0.13730569948186527
4 0.7802734375 0.8879533678756477 0.0205078125 0.050518134715025906
0 0.58935546875 0.33613989637305697 0.05029296875 0.09132124352331607
6 0.72607421875 0.20466321243523317 0.013671875 0.06735751295336788
5 0.21435546875 0.7512953367875648 0.0595703125 0.06217616580310881
3 0.35693359375 0.7189119170984456 0.04736328125 0.15414507772020725
3 0.4306640625 0.33613989637305697 0.08740234375 0.13471502590673576
8 0.80810546875 0.9235751295336787 0.04248046875 0.05375647668393782
7 0.5771484375 0.36593264248704666 0.0205078125 0.0783678756476684
13 0.4833984375 0.7383419689119171 0.03125 0.021373056994818652
13 0.5830078125 0.3426165803108808 0.01611328125 0.042746113989637305