7 0.30810546875 0.3743523316062176 0.0546875 0.01878238341968912
9 0.57177734375 0.20401554404145078 0.0205078125 0.029792746113989636
10 0.505859375 0.18393782383419688 0.0234375 0.027849740932642485
7 0.5439453125 0.7396373056994818 0.0283203125 0.06606217616580311
8 0.31689453125 0.6133419689119171 0.01611328125 0.0667098445595855
11 0.63525390625 0.6224093264248705 0.03369140625 0.025906735751295335
4 0.63525390625 0.6062176165803109 0.0400390625 0.02461139896373057
13 0.6416015625 0.4844559585492228 0.02490234375 0.03432642487046632
9 0.62939453125 0.19041450777202074 0.02197265625 0.02655440414507772
8 0.2685546875 0.29857512953367876 0.0146484375 0.06735751295336788
10 0.4931640625 0.40803108808290156 0.01806640625 0.034974093264248704
10 0.44091796875 0.7525906735751295 0.0205078125 0.031088082901554404
12 0.55517578125 0.5505181347150259 0.0263671875 0.034974093264248704
5 0.75341796875 0.3594559585492228 0.0146484375 0.10038860103626943
4 0.4150390625 0.7357512953367875 0.0400390625 0.025259067357512953
13 0.59326171875 0.5667098445595855 0.0244140625 0.025259067357512953
7 0.447265625 0.49805699481865284 0.02978515625 0.06800518134715026
12 0.68017578125 0.23316062176165803 0.0302734375 0.027849740932642485
7 0.6044921875 0.6522020725388601 0.04541015625 0.04727979274611399
1 0.58447265625 0.5453367875647669 0.03466796875 0.03562176165803109
13 0.4462890625 0.6373056994818653 0.0205078125 0.03432642487046632
4 0.63720703125 0.22474093264248704 0.03857421875 0.029792746113989636
13 0.6591796875 0.30634715025906734 0.025390625 0.03044041450777202
13 0.669921875 0.21308290155440415 0.03173828125 0.023316062176165803
8 0.4794921875 0.4255181347150259 0.01904296875 0.06606217616580311
13 0.693359375 0.8911917098445595 0.02099609375 0.029792746113989636
5 0.7685546875 0.32124352331606215 0.01611328125 0.09585492227979274
13 0.28759765625 0.5019430051813472 0.015625 0.03756476683937824
5 0.7509765625 0.569300518134715 0.052734375 0.08354922279792747
13 0.326171875 0.6897668393782384 0.02001953125 0.033031088082901554
7 0.67138671875 0.20012953367875647 0.05419921875 0.022020725388601035
7 0.525390625 0.21308290155440415 0.033203125 0.06606217616580311
7 0.44580078125 0.2603626943005181 0.05859375 0.019430051813471502
13 0.4267578125 0.8432642487046632 0.02978515625 0.022020725388601035
12 0.46533203125 0.7966321243523317 0.01708984375 0.04015544041450777
11 0.16357421875 0.5440414507772021 0.0263671875 0.03432642487046632
13 0.484375 0.25647668393782386 0.0224609375 0.03367875647668394
10 0.744140625 0.3704663212435233 0.01416015625 0.03367875647668394
6 0.3134765625 0.22150259067357514 0.02392578125 0.0667098445595855
0 0.158203125 0.8341968911917098 0.0654296875 0.025259067357512953
11 0.46240234375 0.36139896373056996 0.02392578125 0.03756476683937824
11 0.6005859375 0.46243523316062174 0.02978515625 0.027849740932642485
6 0.3408203125 0.42422279792746115 0.01953125 0.06865284974093264
1 0.75341796875 0.6729274611398963 0.03076171875 0.034974093264248704
1 0.7666015625 0.2260362694300518 0.029296875 0.033031088082901554
0 0.65087890625 0.16968911917098445 0.04296875 0.09132124352331607
1 0.763671875 0.5071243523316062 0.0263671875 0.03950777202072539
1 0.72802734375 0.11528497409326424 0.02587890625 0.03238341968911917
6 0.26708984375 0.19041450777202074 0.0439453125 0.04727979274611399
2 0.4853515625 0.772020725388601 0.0400390625 0.05505181347150259
0 0.1728515625 0.18976683937823835 0.01806640625 0.0939119170984456
0 0.17431640625 0.5744818652849741 0.03173828125 0.09715025906735751
2 0.4482421875 0.10427461139896373 0.0244140625 0.0667098445595855
0 0.3974609375 0.11917098445595854 0.02783203125 0.09585492227979274
2 0.44287109375 0.29080310880829013 0.04833984375 0.04987046632124352
1 0.71630859375 0.49740932642487046 0.0283203125 0.03367875647668394
0 0.5634765625 0.7817357512953368 0.0771484375 0.02266839378238342
9 0.34423828125 0.5375647668393783 0.021484375 0.027849740932642485
11 0.421875 0.3316062176165803 0.01806640625 0.03756476683937824
0 0.5771484375 0.6865284974093264 0.0146484375 0.10362694300518134
1 0.65673828125 0.6502590673575129 0.02880859375 0.04209844559585492
0 0.58837890625 0.5077720207253886 0.06982421875 0.05181347150259067
1 0.560546875 0.7428756476683938 0.02734375 0.036917098445595854
11 0.37939453125 0.7538860103626943 0.02685546875 0.033031088082901554
2 0.48291015625 0.8503886010362695 0.048828125 0.02266839378238342
3 0.29345703125 0.14766839378238342 0.0205078125 0.15479274611398963
2 0.65771484375 0.5032383419689119 0.037109375 0.06088082901554404
7 0.39404296875 0.8354922279792746 0.05712890625 0.02072538860103627
2 0.71875 0.40414507772020725 0.05078125 0.02655440414507772
2 0.18310546875 0.3490932642487047 0.03271484375 0.0667098445595855
2 0.302734375 0.5485751295336787 0.02685546875 0.06411917098445596
1 0.7529296875 0.4566062176165803 0.0322265625 0.04015544041450777
11 0.4638671875 0.6275906735751295 0.021484375 0.03821243523316062
3 0.44384765625 0.13860103626943004 0.095703125 0.11852331606217617
11 0.7177734375 0.841321243523316 0.02099609375 0.03756476683937824
0 0.45068359375 0.7493523316062176 0.05859375 0.08160621761658031
2 0.2900390625 0.8303108808290155 0.04736328125 0.05569948186528497
1 0.64892578125 0.9462435233160622 0.03955078125 0.046632124352331605
11 0.4638671875 0.5537564766839378 0.02490234375 0.036917098445595854
2 0.216796875 0.25 0.04248046875 0.05310880829015544
11 0.59228515625 0.211139896373057 0.02490234375 0.03950777202072539
0 0.62255859375 0.5349740932642487 0.04052734375 0.1055699481865285
3 0.40966796875 0.25194300518134716 0.09912109375 0.11463730569948187
6 0.62255859375 0.5796632124352331 0.03173828125 0.06282383419689119
3 0.74755859375 0.7409326424870466 0.0869140625 0.11787564766839378
8 0.4306640625 0.35751295336787564 0.05615234375 0.03173575129533679
4 0.65869140625 0.1483160621761658 0.04052734375 0.02655440414507772
5 0.28564453125 0.32966321243523317 0.01953125 0.1055699481865285
7 0.279296875 0.2772020725388601 0.021484375 0.08095854922279792
12 0.5654296875 0.5485751295336787 0.0224609375 0.048575129533678756
7 0.625 0.4961139896373057 0.02880859375 0.07124352331606218
9 0.65625 0.9507772020725389 0.02099609375 0.027202072538860103