13 0.26220703125 0.36075129533678757 0.02880859375 0.019430051813471502
4 0.26123046875 0.8711139896373057 0.025390625 0.044689119170984455
10 0.255859375 0.34067357512953367 0.0166015625 0.03238341968911917
11 0.67333984375 0.802461139896373 0.02001953125 0.03821243523316062
9 0.24609375 0.3005181347150259 0.02099609375 0.029792746113989636
7 0.50341796875 0.2648963730569948 0.0146484375 0.07383419689119171
8 0.41845703125 0.7117875647668394 0.0224609375 0.06476683937823834
5 0.189453125 0.7590673575129534 0.02880859375 0.0939119170984456
7 0.380859375 0.30569948186528495 0.05517578125 0.03173575129533679
10 0.66455078125 0.172279792746114 0.02783203125 0.022020725388601035
6 0.20263671875 0.7512953367875648 0.01611328125 0.0744818652849741
8 0.4892578125 0.3432642487046632 0.0498046875 0.034974093264248704
12 0.3623046875 0.7784974093264249 0.0263671875 0.03626943005181347
7 0.7724609375 0.2338082901554404 0.0185546875 0.07318652849740932
7 0.18408203125 0.7363989637305699 0.02294921875 0.0667098445595855
5 0.73193359375 0.8147668393782384 0.06640625 0.05893782383419689
8 0.2099609375 0.28756476683937826 0.013671875 0.06606217616580311
13 0.2705078125 0.33095854922279794 0.013671875 0.03756476683937824
13 0.47314453125 0.172279792746114 0.0302734375 0.02461139896373057
12 0.74072265625 0.5408031088082902 0.02294921875 0.04339378238341969
0 0.7490234375 0.7299222797927462 0.0693359375 0.019430051813471502
13 0.73779296875 0.44041450777202074 0.01806640625 0.03626943005181347
9 0.6796875 0.7117875647668394 0.0263671875 0.02461139896373057
10 0.39013671875 0.7014248704663213 0.02490234375 0.03173575129533679
13 0.44970703125 0.20854922279792745 0.0263671875 0.03950777202072539
7 0.35205078125 0.8037564766839378 0.03759765625 0.04792746113989637
2 0.7607421875 0.24352331606217617 0.0166015625 0.07253886010362694
5 0.59033203125 0.13147668393782383 0.0576171875 0.0822538860103627
7 0.3857421875 0.741580310880829 0.015625 0.07253886010362694
7 0.2470703125 0.8523316062176166 0.05224609375 0.027202072538860103
8 0.32958984375 0.7137305699481865 0.04345703125 0.044689119170984455
13 0.6630859375 0.7694300518134715 0.0244140625 0.03367875647668394
11 0.66650390625 0.7033678756476683 0.0205078125 0.03950777202072539
13 0.5703125 0.5531088082901554 0.03173828125 0.025906735751295335
1 0.7861328125 0.18847150259067358 0.029296875 0.04145077720207254
4 0.548828125 0.6865284974093264 0.0390625 0.031088082901554404
0 0.7451171875 0.7564766839378239 0.07568359375 0.02266839378238342
4 0.6708984375 0.3005181347150259 0.037109375 0.029792746113989636
1 0.71923828125 0.15997409326424872 0.02490234375 0.038860103626943004
13 0.36328125 0.4844559585492228 0.0185546875 0.03562176165803109
12 0.4140625 0.3950777202072539 0.021484375 0.03821243523316062
10 0.59423828125 0.18458549222797926 0.0234375 0.03173575129533679
6 0.521484375 0.3167098445595855 0.01904296875 0.07253886010362694
5 0.75244140625 0.4734455958549223 0.03271484375 0.10038860103626943
7 0.32861328125 0.5537564766839378 0.03466796875 0.06541450777202072
1 0.55078125 0.3646373056994819 0.03369140625 0.04339378238341969
2 0.5869140625 0.344559585492228 0.046875 0.052461139896373056
2 0.6962890625 0.1560880829015544 0.02978515625 0.06541450777202072
11 0.3251953125 0.802461139896373 0.0234375 0.033031088082901554
1 0.779296875 0.32512953367875647 0.029296875 0.03756476683937824
11 0.62890625 0.18458549222797926 0.02783203125 0.029145077720207253
11 0.73046875 0.677461139896373 0.02099609375 0.03821243523316062
6 0.58056640625 0.1716321243523316 0.01953125 0.0667098445595855
11 0.69921875 0.3711139896373057 0.0302734375 0.031088082901554404
3 0.7734375 0.6761658031088082 0.02783203125 0.16062176165803108
1 0.390625 0.29404145077720206 0.0283203125 0.03562176165803109
0 0.6259765625 0.7189119170984456 0.0166015625 0.1016839378238342
12 0.3154296875 0.7357512953367875 0.02392578125 0.04015544041450777
1 0.61669921875 0.3167098445595855 0.02978515625 0.04015544041450777
1 0.79443359375 0.5660621761658031 0.03271484375 0.04404145077720207
2 0.75244140625 0.18588082901554404 0.04736328125 0.03432642487046632
0 0.71337890625 0.2869170984455959 0.07470703125 0.04145077720207254
9 0.40576171875 0.46696891191709844 0.0185546875 0.031088082901554404
11 0.560546875 0.1955958549222798 0.02001953125 0.03821243523316062
0 0.23095703125 0.29080310880829013 0.03466796875 0.09455958549222798
13 0.4033203125 0.7661917098445595 0.02734375 0.025259067357512953
3 0.740234375 0.27849740932642486 0.11865234375 0.06088082901554404
11 0.482421875 0.6386010362694301 0.0224609375 0.038860103626943004
0 0.3271484375 0.8704663212435233 0.0224609375 0.09650259067357513
1 0.66015625 0.19235751295336787 0.0244140625 0.03432642487046632
1 0.2734375 0.24481865284974094 0.03173828125 0.04015544041450777
2 0.28173828125 0.4572538860103627 0.02978515625 0.06541450777202072
1 0.37939453125 0.3322538860103627 0.03125 0.040803108808290155
3 0.28369140625 0.5064766839378239 0.0537109375 0.1489637305699482
2 0.22265625 0.9177461139896373 0.046875 0.021373056994818652
2 0.310546875 0.4417098445595855 0.0390625 0.05958549222797927
11 0.47900390625 0.19753886010362695 0.0185546875 0.038860103626943004
2 0.1787109375 0.5744818652849741 0.02685546875 0.06411917098445596
2 0.5283203125 0.7979274611398963 0.03759765625 0.06217616580310881
2 0.1494140625 0.23121761658031087 0.04296875 0.04792746113989637
7 0.1689453125 0.21243523316062177 0.029296875 0.06217616580310881
0 0.62158203125 0.41968911917098445 0.0537109375 0.08873056994818652
6 0.36279296875 0.716321243523316 0.04150390625 0.06282383419689119
0 0.6962890625 0.5816062176165803 0.05908203125 0.08290155440414508
0 0.19482421875 0.7001295336787565 0.07177734375 0.046632124352331605
0 0.70947265625 0.5395077720207254 0.068359375 0.04598445595854922
3 0.58447265625 0.8128238341968912 0.07080078125 0.13665803108808292
9 0.65234375 0.8005181347150259 0.0205078125 0.03173575129533679
13 0.18310546875 0.719559585492228 0.029296875 0.03044041450777202
11 0.76416015625 0.211139896373057 0.033203125 0.027849740932642485
4 0.3623046875 0.7519430051813472 0.02978515625 0.05116580310880829