7 0.65869140625 0.697538860103627 0.02734375 0.06994818652849741
13 0.3818359375 0.7908031088082902 0.02490234375 0.03044041450777202
12 0.52392578125 0.8348445595854922 0.02685546875 0.03821243523316062
8 0.84716796875 0.43005181347150256 0.01904296875 0.06476683937823834
6 0.68896484375 0.1133419689119171 0.0546875 0.023316062176165803
5 0.33349609375 0.4721502590673575 0.07177734375 0.04404145077720207
7 0.22412109375 0.4876943005181347 0.01513671875 0.07577720207253887
5 0.69873046875 0.09132124352331607 0.0634765625 0.02849740932642487
9 0.56982421875 0.5841968911917098 0.02294921875 0.023963730569948185
13 0.66259765625 0.08031088082901554 0.01904296875 0.04015544041450777
12 0.82763671875 0.44494818652849744 0.0341796875 0.015544041450777202
13 0.333984375 0.8018134715025906 0.0302734375 0.01878238341968912
4 0.6416015625 0.7033678756476683 0.0263671875 0.06217616580310881
13 0.37548828125 0.8465025906735751 0.015625 0.038860103626943004
11 0.36767578125 0.8231865284974094 0.02685546875 0.03756476683937824
7 0.61083984375 0.4727979274611399 0.0283203125 0.06411917098445596
6 0.32470703125 0.48251295336787564 0.0556640625 0.025259067357512953
7 0.64111328125 0.31411917098445596 0.04443359375 0.05375647668393782
13 0.56494140625 0.7338082901554405 0.0234375 0.03432642487046632
1 0.3095703125 0.35103626943005184 0.03125 0.04792746113989637
7 0.43212890625 0.013601036269430052 0.0556640625 0.02266839378238342
7 0.49609375 0.3011658031088083 0.02001953125 0.07383419689119171
8 0.36181640625 0.4727979274611399 0.0498046875 0.038860103626943004
11 0.40087890625 0.7014248704663213 0.02490234375 0.040803108808290155
12 0.376953125 0.8076424870466321 0.0263671875 0.03562176165803109
2 0.673828125 0.33419689119170987 0.02783203125 0.06994818652849741
12 0.6923828125 0.5926165803108808 0.02392578125 0.034974093264248704
10 0.37548828125 0.8704663212435233 0.02685546875 0.021373056994818652
13 0.24462890625 0.2623056994818653 0.0166015625 0.03626943005181347
2 0.666015625 0.1560880829015544 0.03466796875 0.06606217616580311
9 0.72265625 0.7176165803108808 0.02392578125 0.025259067357512953
9 0.47314453125 0.21696891191709844 0.01904296875 0.03367875647668394
11 0.6875 0.6185233160621761 0.01953125 0.03756476683937824
7 0.5029296875 0.7325129533678757 0.0146484375 0.07189119170984457
7 0.7001953125 0.3082901554404145 0.03173828125 0.06347150259067358
13 0.75537109375 0.47733160621761656 0.01611328125 0.034974093264248704
13 0.4423828125 0.7895077720207254 0.0244140625 0.03044041450777202
8 0.71484375 0.34196891191709844 0.04833984375 0.021373056994818652
1 0.4765625 0.3432642487046632 0.02587890625 0.033031088082901554
10 0.2392578125 0.508419689119171 0.02197265625 0.03173575129533679
10 0.3154296875 0.7661917098445595 0.015625 0.03238341968911917
5 0.46826171875 0.8115284974093264 0.07421875 0.02849740932642487
7 0.6728515625 0.7707253886010362 0.03857421875 0.056347150259067356
1 0.6455078125 0.358160621761658 0.0361328125 0.03626943005181347
9 0.76171875 0.4332901554404145 0.0205078125 0.029792746113989636
11 0.333984375 0.8199481865284974 0.02978515625 0.03173575129533679
5 0.7197265625 0.8147668393782384 0.02734375 0.09520725388601037
0 0.654296875 0.1016839378238342 0.05322265625 0.08549222797927461
11 0.5888671875 0.4229274611398964 0.0322265625 0.023316062176165803
11 0.76123046875 0.49805699481865284 0.0263671875 0.03367875647668394
1 0.32861328125 0.7221502590673575 0.0322265625 0.04339378238341969
0 0.22900390625 0.4378238341968912 0.0751953125 0.023963730569948185
1 0.447265625 0.24740932642487046 0.0283203125 0.036917098445595854
2 0.25439453125 0.522020725388601 0.02099609375 0.0667098445595855
11 0.48486328125 0.6910621761658031 0.02685546875 0.03367875647668394
2 0.27392578125 0.5323834196891192 0.021484375 0.06994818652849741
0 0.54248046875 0.8173575129533679 0.01611328125 0.1016839378238342
10 0.74072265625 0.4721502590673575 0.02587890625 0.027202072538860103
4 0.587890625 0.6023316062176166 0.0400390625 0.027849740932642485
6 0.634765625 0.5116580310880829 0.052734375 0.02461139896373057
2 0.6943359375 0.5550518134715026 0.01611328125 0.07189119170984457
11 0.681640625 0.7383419689119171 0.0244140625 0.027849740932642485
0 0.4931640625 0.8011658031088082 0.0625 0.07707253886010362
1 0.36083984375 0.1483160621761658 0.03515625 0.04727979274611399
1 0.5234375 0.3069948186528497 0.033203125 0.042746113989637305
11 0.29736328125 0.49028497409326427 0.03076171875 0.02655440414507772
2 0.8134765625 0.13601036269430053 0.0185546875 0.06282383419689119
3 0.61669921875 0.37694300518134716 0.0205078125 0.16580310880829016
3 0.3681640625 0.7538860103626943 0.10791015625 0.08873056994818652
1 0.22607421875 0.24417098445595856 0.02734375 0.03626943005181347
3 0.396484375 0.6075129533678757 0.037109375 0.15479274611398963
1 0.23388671875 0.7137305699481865 0.03125 0.042746113989637305
2 0.40283203125 0.8069948186528497 0.03662109375 0.05764248704663212
0 0.36279296875 0.08354922279792747 0.068359375 0.06152849740932642
1 0.54833984375 0.8950777202072538 0.03173828125 0.04209844559585492
0 0.62744140625 0.6968911917098446 0.0537109375 0.08937823834196891
3 0.69970703125 0.6392487046632125 0.07373046875 0.14248704663212436
6 0.23974609375 0.3011658031088083 0.04296875 0.052461139896373056
2 0.31884765625 0.15414507772020725 0.0322265625 0.06476683937823834
0 0.69189453125 0.3756476683937824 0.0703125 0.05375647668393782
11 0.42822265625 0.8251295336787565 0.02880859375 0.023316062176165803
0 0.30908203125 0.3944300518134715 0.05810546875 0.08484455958549222
2 0.201171875 0.5174870466321243 0.0205078125 0.06930051813471502
2 0.18505859375 0.20012953367875647 0.04248046875 0.05375647668393782
4 0.62744140625 0.38471502590673573 0.017578125 0.05181347150259067
0 0.63720703125 0.11398963730569948 0.0390625 0.09585492227979274
0 0.48681640625 0.7655440414507773 0.05810546875 0.09196891191709844
7 0.6806640625 0.08937823834196891 0.05224609375 0.03173575129533679
8 0.67041015625 0.33678756476683935 0.0244140625 0.06930051813471502
13 0.68994140625 0.3076424870466321 0.01953125 0.034974093264248704
13 0.63671875 0.3542746113989637 0.01806640625 0.03238341968911917
4 0.70654296875 0.5667098445595855 0.015625 0.05829015544041451