12 0.396484375 0.5939119170984456 0.03173828125 0.025906735751295335
7 0.48974609375 0.6541450777202072 0.03271484375 0.06930051813471502
13 0.5615234375 0.8303108808290155 0.0146484375 0.03821243523316062
4 0.4208984375 0.8594559585492227 0.0185546875 0.05310880829015544
13 0.52001953125 0.48186528497409326 0.0234375 0.038860103626943004
13 0.8125 0.28432642487046633 0.03466796875 0.023963730569948185
10 0.70166015625 0.4721502590673575 0.0146484375 0.033031088082901554
7 0.51025390625 0.422279792746114 0.01513671875 0.07189119170984457
12 0.57958984375 0.3626943005181347 0.03125 0.038860103626943004
7 0.30224609375 0.36075129533678757 0.0166015625 0.06930051813471502
7 0.4609375 0.5226683937823834 0.041015625 0.06152849740932642
4 0.53515625 0.6405440414507773 0.04248046875 0.022020725388601035
5 0.57470703125 0.3128238341968912 0.02294921875 0.09844559585492228
11 0.4638671875 0.4255181347150259 0.03271484375 0.03173575129533679
9 0.361328125 0.2344559585492228 0.02392578125 0.02849740932642487
13 0.44580078125 0.44041450777202074 0.02783203125 0.023963730569948185
13 0.53369140625 0.42422279792746115 0.02099609375 0.03562176165803109
9 0.4892578125 0.2551813471502591 0.01708984375 0.02266839378238342
8 0.55224609375 0.09520725388601037 0.0224609375 0.06023316062176166
10 0.423828125 0.1172279792746114 0.0224609375 0.029145077720207253
7 0.86328125 0.5939119170984456 0.01708984375 0.06865284974093264
4 0.23681640625 0.12564766839378239 0.03857421875 0.02266839378238342
5 0.2890625 0.6515544041450777 0.01318359375 0.1016839378238342
13 0.61328125 0.266839378238342 0.01953125 0.033031088082901554
10 0.392578125 0.5310880829015544 0.02734375 0.02072538860103627
5 0.8046875 0.23834196891191708 0.02294921875 0.09261658031088082
7 0.50390625 0.27266839378238344 0.0556640625 0.025906735751295335
7 0.5673828125 0.3626943005181347 0.0517578125 0.044689119170984455
0 0.4111328125 0.4792746113989637 0.07861328125 0.023963730569948185
9 0.6650390625 0.21502590673575128 0.01806640625 0.029792746113989636
4 0.30126953125 0.3225388601036269 0.02685546875 0.04922279792746114
1 0.2353515625 0.23251295336787564 0.02587890625 0.033031088082901554
3 0.31298828125 0.40414507772020725 0.06787109375 0.15284974093264247
13 0.71630859375 0.5757772020725389 0.02197265625 0.034974093264248704
3 0.55517578125 0.7823834196891192 0.1533203125 0.07901554404145078
11 0.41259765625 0.5051813471502591 0.02099609375 0.03950777202072539
11 0.53173828125 0.48121761658031087 0.01708984375 0.04015544041450777
11 0.32568359375 0.172279792746114 0.01904296875 0.038860103626943004
0 0.47705078125 0.8607512953367875 0.01708984375 0.09715025906735751
2 0.4931640625 0.4209844559585492 0.0185546875 0.06930051813471502
7 0.46240234375 0.4067357512953368 0.044921875 0.048575129533678756
8 0.2568359375 0.13212435233160622 0.05029296875 0.04015544041450777
2 0.86279296875 0.5032383419689119 0.0224609375 0.05116580310880829
6 0.76953125 0.24935233160621761 0.02587890625 0.06347150259067358
11 0.52001953125 0.8296632124352331 0.0263671875 0.034974093264248704
1 0.3056640625 0.6871761658031088 0.02587890625 0.04015544041450777
1 0.46337890625 0.49028497409326427 0.029296875 0.03950777202072539
0 0.30126953125 0.1949481865284974 0.02294921875 0.09455958549222798
2 0.6376953125 0.7370466321243523 0.03076171875 0.06800518134715026
6 0.6806640625 0.2713730569948187 0.01806640625 0.0667098445595855
11 0.37451171875 0.4326424870466321 0.0322265625 0.027849740932642485
0 0.52783203125 0.6683937823834197 0.08154296875 0.042746113989637305
10 0.36669921875 0.6055699481865285 0.0263671875 0.02461139896373057
1 0.46875 0.7441709844559585 0.02734375 0.03432642487046632
1 0.31396484375 0.7351036269430051 0.02685546875 0.042746113989637305
0 0.48486328125 0.5200777202072538 0.05078125 0.08937823834196891
6 0.5234375 0.7512953367875648 0.0361328125 0.05829015544041451
1 0.744140625 0.3853626943005181 0.03369140625 0.044689119170984455
2 0.21728515625 0.22733160621761658 0.04150390625 0.04987046632124352
11 0.46826171875 0.6301813471502591 0.02197265625 0.038860103626943004
5 0.66015625 0.6418393782383419 0.0283203125 0.09715025906735751
11 0.29150390625 0.7713730569948186 0.0185546875 0.025906735751295335
2 0.232421875 0.2603626943005181 0.05224609375 0.03173575129533679
0 0.8486328125 0.4993523316062176 0.04833984375 0.08549222797927461
0 0.2783203125 0.8160621761658031 0.01611328125 0.1016839378238342
1 0.6943359375 0.719559585492228 0.0361328125 0.04598445595854922
3 0.26513671875 0.15544041450777202 0.02099609375 0.15803108808290156
2 0.361328125 0.5 0.0263671875 0.06735751295336788
0 0.8408203125 0.4106217616580311 0.03173828125 0.09326424870466321
1 0.73486328125 0.7940414507772021 0.03369140625 0.044689119170984455
2 0.8544921875 0.9430051813471503 0.01708984375 0.06217616580310881
0 0.7958984375 0.30375647668393785 0.06591796875 0.06865284974093264
9 0.515625 0.7830310880829016 0.02099609375 0.023963730569948185
3 0.63720703125 0.6910621761658031 0.0576171875 0.15090673575129535
11 0.306640625 0.8218911917098446 0.025390625 0.03367875647668394
1 0.443359375 0.8691709844559585 0.03173828125 0.03950777202072539
2 0.51220703125 0.9326424870466321 0.02490234375 0.06411917098445596
11 0.57666015625 0.8031088082901554 0.0283203125 0.023963730569948185
2 0.77197265625 0.08419689119170984 0.04736328125 0.02461139896373057
1 0.56298828125 0.7305699481865285 0.02978515625 0.03562176165803109
2 0.8193359375 0.4274611398963731 0.02978515625 0.06347150259067358
0 0.486328125 0.23121761658031087 0.0498046875 0.08808290155440414
8 0.33251953125 0.3801813471502591 0.04345703125 0.0667098445595855
8 0.31298828125 0.2182642487046632 0.04833984375 0.044689119170984455
13 0.52099609375 0.4119170984455959 0.01513671875 0.03821243523316062
13 0.44287109375 0.49028497409326427 0.0244140625 0.021373056994818652
12 0.54931640625 0.707901554404145 0.0224609375 0.044689119170984455
6 0.54296875 0.8115284974093264 0.029296875 0.06476683937823834
7 0.8076171875 0.25906735751295334 0.025390625 0.06735751295336788
13 0.47412109375 0.8018134715025906 0.01904296875 0.025906735751295335
12 0.47998046875 0.4099740932642487 0.0185546875 0.02461139896373057