13 0.21875 0.4876943005181347 0.02099609375 0.031088082901554404
13 0.5302734375 0.8516839378238342 0.01708984375 0.02266839378238342
13 0.6669921875 0.8037564766839378 0.015625 0.033031088082901554
9 0.689453125 0.6787564766839378 0.0224609375 0.01878238341968912
12 0.61669921875 0.19624352331606218 0.0283203125 0.03044041450777202
9 0.71435546875 0.3555699481865285 0.02099609375 0.02849740932642487
10 0.662109375 0.6418393782383419 0.02294921875 0.02072538860103627
13 0.67236328125 0.3536269430051813 0.02880859375 0.022020725388601035
8 0.53857421875 0.897020725388601 0.04296875 0.050518134715025906
8 0.24755859375 0.6930051813471503 0.041015625 0.04209844559585492
4 0.67724609375 0.6742227979274611 0.0146484375 0.054404145077720206
7 0.3935546875 0.5071243523316062 0.01904296875 0.08031088082901554
13 0.60205078125 0.533678756476684 0.03076171875 0.01878238341968912
7 0.4931640625 0.9268134715025906 0.0185546875 0.07124352331606218
8 0.79833984375 0.9196891191709845 0.01953125 0.06088082901554404
11 0.423828125 0.9073834196891192 0.03125 0.03367875647668394
13 0.576171875 0.6917098445595855 0.0263671875 0.025906735751295335
10 0.65966796875 0.4229274611398964 0.025390625 0.021373056994818652
7 0.6103515625 0.9300518134715026 0.0439453125 0.04922279792746114
10 0.33984375 0.7331606217616581 0.01708984375 0.03173575129533679
13 0.64990234375 0.2422279792746114 0.0166015625 0.036917098445595854
7 0.2255859375 0.4261658031088083 0.0166015625 0.0705958549222798
7 0.40283203125 0.9384715025906736 0.0498046875 0.03432642487046632
7 0.64794921875 0.9242227979274611 0.05126953125 0.04015544041450777
7 0.22802734375 0.3788860103626943 0.01416015625 0.0705958549222798
13 0.7548828125 0.6405440414507773 0.0224609375 0.027849740932642485
0 0.22314453125 0.7733160621761658 0.07568359375 0.02072538860103627
7 0.30126953125 0.5712435233160622 0.0341796875 0.06217616580310881
6 0.6494140625 0.8575129533678757 0.0302734375 0.06217616580310881
4 0.44482421875 0.31023316062176165 0.01953125 0.05569948186528497
12 0.16650390625 0.8536269430051814 0.01953125 0.03756476683937824
6 0.3125 0.7389896373056994 0.044921875 0.04598445595854922
13 0.1767578125 0.5278497409326425 0.0283203125 0.022020725388601035
2 0.322265625 0.5880829015544041 0.01953125 0.0667098445595855
5 0.65185546875 0.16774611398963732 0.072265625 0.03432642487046632
1 0.24169921875 0.4274611398963731 0.02685546875 0.03626943005181347
0 0.6513671875 0.9462435233160622 0.07275390625 0.025906735751295335
0 0.2109375 0.9546632124352331 0.0185546875 0.08419689119170984
7 0.43408203125 0.9093264248704663 0.05078125 0.040803108808290155
4 0.83447265625 0.917098445595855 0.03271484375 0.036917098445595854
10 0.63232421875 0.542098445595855 0.02294921875 0.02072538860103627
5 0.48291015625 0.23575129533678757 0.064453125 0.06411917098445596
12 0.68994140625 0.8471502590673575 0.02783203125 0.029792746113989636
1 0.17724609375 0.41450777202072536 0.02685546875 0.03562176165803109
7 0.33447265625 0.9261658031088082 0.052734375 0.027849740932642485
1 0.47900390625 0.42357512953367876 0.02978515625 0.03626943005181347
6 0.64404296875 0.7590673575129534 0.02685546875 0.06347150259067358
0 0.708984375 0.814119170984456 0.080078125 0.021373056994818652
11 0.61962890625 0.45012953367875647 0.02978515625 0.02655440414507772
4 0.6943359375 0.7247409326424871 0.01513671875 0.05181347150259067
2 0.474609375 0.792098445595855 0.02490234375 0.06735751295336788
1 0.4560546875 0.29015544041450775 0.0341796875 0.04145077720207254
2 0.6796875 0.5751295336787565 0.0341796875 0.06476683937823834
1 0.5791015625 0.4378238341968912 0.0263671875 0.03562176165803109
12 0.24072265625 0.6703367875647669 0.0244140625 0.03238341968911917
13 0.583984375 0.930699481865285 0.02783203125 0.02266839378238342
5 0.63916015625 0.3873056994818653 0.07763671875 0.04015544041450777
11 0.2529296875 0.3380829015544041 0.025390625 0.025906735751295335
1 0.6962890625 0.38406735751295334 0.02734375 0.03626943005181347
1 0.73388671875 0.40932642487046633 0.03564453125 0.04533678756476684
9 0.3515625 0.5291450777202072 0.0185546875 0.023963730569948185
11 0.283203125 0.41386010362694303 0.01953125 0.025906735751295335
11 0.291015625 0.5038860103626943 0.0263671875 0.03238341968911917
0 0.2431640625 0.7376943005181347 0.06591796875 0.05375647668393782
11 0.32861328125 0.4876943005181347 0.02783203125 0.03173575129533679
11 0.6748046875 0.6321243523316062 0.02392578125 0.03367875647668394
2 0.48193359375 0.9753886010362695 0.017578125 0.04339378238341969
3 0.65185546875 0.3400259067357513 0.07373046875 0.14313471502590674
2 0.2578125 0.7422279792746114 0.046875 0.04727979274611399
1 0.302734375 0.25129533678756477 0.029296875 0.04145077720207254
6 0.3125 0.37759067357512954 0.04345703125 0.05116580310880829
2 0.5986328125 0.5680051813471503 0.04345703125 0.06282383419689119
3 0.67529296875 0.5155440414507773 0.12109375 0.029792746113989636
0 0.50537109375 0.8063471502590673 0.03662109375 0.09261658031088082
11 0.353515625 0.7169689119170984 0.02392578125 0.036917098445595854
3 0.28515625 0.30440414507772023 0.05126953125 0.14961139896373057
11 0.4013671875 0.5926165803108808 0.02734375 0.03367875647668394
1 0.24169921875 0.35751295336787564 0.02490234375 0.03432642487046632
11 0.73193359375 0.6120466321243523 0.0224609375 0.04209844559585492
2 0.63037109375 0.42810880829015546 0.0498046875 0.03756476683937824
1 0.517578125 0.3477979274611399 0.03125 0.04209844559585492
0 0.66259765625 0.8730569948186528 0.05615234375 0.08743523316062177
3 0.65625 0.6994818652849741 0.04736328125 0.15544041450777202
0 0.5830078125 0.792098445595855 0.0390625 0.09261658031088082
5 0.66650390625 0.1411917098445596 0.06884765625 0.044689119170984455
2 0.60986328125 0.969559585492228 0.048828125 0.03756476683937824
0 0.47607421875 0.45012953367875647 0.07177734375 0.06282383419689119
0 0.23486328125 0.542098445595855 0.0302734375 0.09715025906735751
2 0.517578125 0.9177461139896373 0.03955078125 0.06023316062176166
2 0.31005859375 0.7104922279792746 0.04833984375 0.04209844559585492
8 0.43994140625 0.9242227979274611 0.04833984375 0.03950777202072539
9 0.58984375 0.7707253886010362 0.021484375 0.029792746113989636