11 0.5859375 0.4384715025906736 0.021484375 0.04404145077720207
7 0.328125 0.6884715025906736 0.0556640625 0.02266839378238342
7 0.54638671875 0.4274611398963731 0.01806640625 0.0705958549222798
13 0.39306640625 0.7130829015544041 0.02490234375 0.029792746113989636
7 0.29443359375 0.37240932642487046 0.052734375 0.018134715025906734
7 0.69091796875 0.3432642487046632 0.052734375 0.04987046632124352
8 0.2919921875 0.3911917098445596 0.05078125 0.02266839378238342
8 0.3037109375 0.5563471502590673 0.03759765625 0.05764248704663212
1 0.5244140625 0.7733160621761658 0.029296875 0.03173575129533679
5 0.302734375 0.38147668393782386 0.07763671875 0.033031088082901554
9 0.630859375 0.4112694300518135 0.02099609375 0.02655440414507772
12 0.283203125 0.34650259067357514 0.025390625 0.03950777202072539
7 0.7509765625 0.6483160621761658 0.04345703125 0.05505181347150259
11 0.52783203125 0.7467616580310881 0.029296875 0.027202072538860103
7 0.40283203125 0.7545336787564767 0.0556640625 0.018134715025906734
6 0.5673828125 0.4410621761658031 0.033203125 0.06217616580310881
8 0.20458984375 0.7176165803108808 0.04931640625 0.02072538860103627
11 0.5205078125 0.5537564766839378 0.02880859375 0.023963730569948185
10 0.298828125 0.5097150259067358 0.0234375 0.029792746113989636
13 0.234375 0.5356217616580311 0.02685546875 0.02849740932642487
12 0.68212890625 0.4475388601036269 0.02001953125 0.03562176165803109
7 0.3125 0.31476683937823835 0.048828125 0.04209844559585492
13 0.76904296875 0.6068652849740933 0.015625 0.03950777202072539
4 0.53857421875 0.5103626943005182 0.0400390625 0.022020725388601035
6 0.767578125 0.6230569948186528 0.0458984375 0.04533678756476684
7 0.31787109375 0.6366580310880829 0.04541015625 0.056347150259067356
5 0.63525390625 0.42940414507772023 0.0576171875 0.07772020725388601
4 0.39892578125 0.16256476683937823 0.0224609375 0.05310880829015544
12 0.365234375 0.20595854922279794 0.0322265625 0.02266839378238342
1 0.31396484375 0.5919689119170984 0.0263671875 0.03367875647668394
9 0.31884765625 0.4209844559585492 0.017578125 0.040803108808290155
13 0.77001953125 0.24093264248704663 0.01904296875 0.023963730569948185
11 0.4013671875 0.19041450777202074 0.0224609375 0.03821243523316062
7 0.58447265625 0.4106217616580311 0.048828125 0.04404145077720207
10 0.734375 0.7700777202072538 0.0244140625 0.023316062176165803
0 0.25732421875 0.3426165803108808 0.0185546875 0.10492227979274611
0 0.23828125 0.5615284974093264 0.03759765625 0.09715025906735751
1 0.53369140625 0.6930051813471503 0.03564453125 0.04404145077720207
10 0.5859375 0.3134715025906736 0.02099609375 0.03432642487046632
5 0.29345703125 0.552461139896373 0.04248046875 0.09261658031088082
6 0.515625 0.5330310880829016 0.052734375 0.02266839378238342
7 0.47509765625 0.9404145077720207 0.05078125 0.03626943005181347
5 0.35595703125 0.31411917098445596 0.0693359375 0.06476683937823834
13 0.26953125 0.3225388601036269 0.0166015625 0.02072538860103627
1 0.57421875 0.7726683937823834 0.029296875 0.042746113989637305
1 0.72265625 0.44365284974093266 0.03125 0.03821243523316062
13 0.2783203125 0.46049222797927464 0.02734375 0.02266839378238342
11 0.3154296875 0.34196891191709844 0.0302734375 0.03432642487046632
13 0.228515625 0.3393782383419689 0.01708984375 0.03562176165803109
11 0.435546875 0.8212435233160622 0.0283203125 0.03238341968911917
1 0.490234375 0.6437823834196891 0.03515625 0.03756476683937824
2 0.5927734375 0.4740932642487047 0.0185546875 0.0744818652849741
1 0.32421875 0.719559585492228 0.02685546875 0.03821243523316062
11 0.34228515625 0.3011658031088083 0.02880859375 0.03044041450777202
0 0.66748046875 0.38212435233160624 0.0751953125 0.04015544041450777
2 0.4345703125 0.6522020725388601 0.03271484375 0.06411917098445596
6 0.3203125 0.8005181347150259 0.04833984375 0.03562176165803109
11 0.45263671875 0.6936528497409327 0.02099609375 0.040803108808290155
2 0.4228515625 0.10427461139896373 0.03466796875 0.06541450777202072
0 0.76806640625 0.37629533678756477 0.0322265625 0.10038860103626943
4 0.373046875 0.8037564766839378 0.03515625 0.042746113989637305
11 0.4482421875 0.17487046632124353 0.0283203125 0.03044041450777202
3 0.7685546875 0.7830310880829016 0.11474609375 0.03367875647668394
0 0.73681640625 0.40025906735751293 0.0517578125 0.09067357512953368
1 0.27734375 0.14637305699481865 0.02734375 0.03756476683937824
1 0.46044921875 0.6528497409326425 0.02783203125 0.03562176165803109
0 0.3251953125 0.43458549222797926 0.04443359375 0.09326424870466321
0 0.53125 0.4099740932642487 0.0185546875 0.10492227979274611
2 0.80126953125 0.5816062176165803 0.03955078125 0.06023316062176166
2 0.29345703125 0.172279792746114 0.04833984375 0.04533678756476684
2 0.55029296875 0.7532383419689119 0.02001953125 0.0667098445595855
0 0.3564453125 0.7389896373056994 0.04541015625 0.08873056994818652
2 0.8076171875 0.6230569948186528 0.0498046875 0.04404145077720207
2 0.64453125 0.7603626943005182 0.04248046875 0.05764248704663212
11 0.52978515625 0.21696891191709844 0.02490234375 0.03950777202072539
0 0.53125 0.5990932642487047 0.05517578125 0.08743523316062177
4 0.24755859375 0.5984455958549223 0.03759765625 0.034974093264248704
2 0.39892578125 0.9190414507772021 0.01904296875 0.06411917098445596
3 0.59375 0.26424870466321243 0.044921875 0.15220207253886012
2 0.4150390625 0.6981865284974094 0.0390625 0.05958549222797927
3 0.68115234375 0.4844559585492228 0.0830078125 0.1327720207253886
1 0.51123046875 0.7143782383419689 0.03125 0.04145077720207254
3 0.63818359375 0.7104922279792746 0.11328125 0.06865284974093264
0 0.2177734375 0.7694300518134715 0.0654296875 0.05958549222797927
9 0.2568359375 0.7435233160621761 0.0185546875 0.031088082901554404
8 0.31591796875 0.7273316062176166 0.04296875 0.05893782383419689
9 0.2744140625 0.555699481865285 0.02197265625 0.029792746113989636
13 0.3623046875 0.780440414507772 0.0322265625 0.019430051813471502
13 0.60498046875 0.45919689119170987 0.01708984375 0.038860103626943004
12 0.5126953125 0.20725388601036268 0.0185546875 0.023963730569948185
13 0.2451171875 0.33743523316062174 0.0205078125 0.04533678756476684