7 0.55615234375 0.8646373056994818 0.03759765625 0.06541450777202072
7 0.689453125 0.5362694300518135 0.05419921875 0.03173575129533679
5 0.67236328125 0.22797927461139897 0.0693359375 0.04792746113989637
12 0.35009765625 0.9229274611398963 0.0322265625 0.01878238341968912
13 0.76416015625 0.8704663212435233 0.02587890625 0.023963730569948185
8 0.64111328125 0.5310880829015544 0.02099609375 0.0667098445595855
13 0.56787109375 0.8283678756476683 0.02685546875 0.02849740932642487
10 0.70703125 0.552461139896373 0.02783203125 0.020077720207253884
13 0.62109375 0.47733160621761656 0.02490234375 0.033031088082901554
9 0.41357421875 0.3853626943005181 0.02587890625 0.027202072538860103
4 0.6962890625 0.9196891191709845 0.015625 0.048575129533678756
9 0.41796875 0.6515544041450777 0.01513671875 0.03044041450777202
10 0.57470703125 0.6897668393782384 0.02490234375 0.020077720207253884
12 0.5361328125 0.8076424870466321 0.01611328125 0.04533678756476684
6 0.38037109375 0.8821243523316062 0.04833984375 0.025259067357512953
7 0.29296875 0.6211139896373057 0.02490234375 0.06865284974093264
10 0.7109375 0.5997409326424871 0.02392578125 0.029145077720207253
11 0.23828125 0.75 0.01953125 0.04598445595854922
13 0.57958984375 0.9196891191709845 0.021484375 0.031088082901554404
13 0.73193359375 0.33678756476683935 0.01708984375 0.04015544041450777
13 0.75830078125 0.38212435233160624 0.0263671875 0.023963730569948185
13 0.423828125 0.5194300518134715 0.029296875 0.021373056994818652
0 0.3974609375 0.8659326424870466 0.0751953125 0.02849740932642487
7 0.4619140625 0.3005181347150259 0.0234375 0.07189119170984457
8 0.68896484375 0.5226683937823834 0.0517578125 0.03756476683937824
8 0.3779296875 0.9119170984455959 0.052734375 0.03367875647668394
7 0.275390625 0.6826424870466321 0.03759765625 0.06347150259067358
1 0.75732421875 0.591321243523316 0.03466796875 0.04339378238341969
11 0.41162109375 0.6139896373056994 0.01513671875 0.03626943005181347
11 0.751953125 0.6515544041450777 0.0185546875 0.03950777202072539
7 0.5966796875 0.9319948186528497 0.02099609375 0.06735751295336788
11 0.7392578125 0.4786269430051813 0.0166015625 0.040803108808290155
11 0.6513671875 0.47733160621761656 0.0224609375 0.036917098445595854
11 0.2685546875 0.6483160621761658 0.02490234375 0.04533678756476684
0 0.71142578125 0.4799222797927461 0.01953125 0.09844559585492228
13 0.6416015625 0.594559585492228 0.01806640625 0.03756476683937824
3 0.32421875 0.45012953367875647 0.07470703125 0.1411917098445596
0 0.41650390625 0.8976683937823834 0.07421875 0.022020725388601035
2 0.27734375 0.7765544041450777 0.05078125 0.03238341968911917
9 0.80224609375 0.3167098445595855 0.02099609375 0.02849740932642487
6 0.3291015625 0.5272020725388601 0.05126953125 0.022020725388601035
1 0.7373046875 0.6483160621761658 0.02734375 0.03562176165803109
11 0.41650390625 0.41321243523316065 0.02392578125 0.03367875647668394
2 0.24951171875 0.25194300518134716 0.03466796875 0.06476683937823834
4 0.55615234375 0.7752590673575129 0.04052734375 0.023316062176165803
11 0.76025390625 0.8898963730569949 0.02392578125 0.03626943005181347
2 0.35498046875 0.8873056994818653 0.052734375 0.03173575129533679
4 0.6611328125 0.4838082901554404 0.03271484375 0.050518134715025906
2 0.32763671875 0.4896373056994819 0.04052734375 0.0667098445595855
0 0.646484375 0.9410621761658031 0.07177734375 0.023316062176165803
1 0.765625 0.5680051813471503 0.02685546875 0.03756476683937824
7 0.466796875 0.3536269430051813 0.0390625 0.06152849740932642
2 0.61376953125 0.49222797927461137 0.03564453125 0.06282383419689119
2 0.240234375 0.6716321243523317 0.048828125 0.034974093264248704
6 0.30712890625 0.3082901554404145 0.0439453125 0.052461139896373056
12 0.31787109375 0.9715025906735751 0.017578125 0.03821243523316062
5 0.51806640625 0.2551813471502591 0.02685546875 0.10297927461139897
5 0.72705078125 0.46567357512953367 0.02490234375 0.0977979274611399
10 0.14111328125 0.8069948186528497 0.0224609375 0.02655440414507772
7 0.28955078125 0.9332901554404145 0.0185546875 0.0667098445595855
0 0.25732421875 0.7674870466321243 0.0751953125 0.036917098445595854
11 0.34814453125 0.2759067357512953 0.02099609375 0.03756476683937824
12 0.6845703125 0.23704663212435234 0.02734375 0.03238341968911917
1 0.466796875 0.06800518134715026 0.0263671875 0.03821243523316062
1 0.7705078125 0.4339378238341969 0.03125 0.042746113989637305
1 0.74169921875 0.4430051813471503 0.025390625 0.03626943005181347
0 0.2861328125 0.29533678756476683 0.04248046875 0.09455958549222798
9 0.5947265625 0.7953367875647669 0.0234375 0.023963730569948185
2 0.68701171875 0.7519430051813472 0.01904296875 0.06606217616580311
0 0.34765625 0.9708549222797928 0.06787109375 0.05181347150259067
11 0.43408203125 0.6237046632124352 0.02978515625 0.03432642487046632
0 0.6494140625 0.9080310880829016 0.07275390625 0.04015544041450777
7 0.4228515625 0.8426165803108808 0.04052734375 0.06541450777202072
2 0.6044921875 0.977979274611399 0.04541015625 0.03756476683937824
1 0.61328125 0.6081606217616581 0.03466796875 0.03950777202072539
0 0.5966796875 0.49287564766839376 0.05078125 0.09261658031088082
2 0.45556640625 0.6528497409326425 0.01953125 0.06735751295336788
2 0.822265625 0.3756476683937824 0.04833984375 0.03626943005181347
1 0.83935546875 0.4572538860103627 0.02783203125 0.034974093264248704
1 0.18505859375 0.6431347150259067 0.03076171875 0.038860103626943004
1 0.53955078125 0.6619170984455959 0.02978515625 0.04533678756476684
3 0.71142578125 0.5848445595854922 0.103515625 0.09844559585492228
4 0.79248046875 0.8717616580310881 0.0380859375 0.027202072538860103
0 0.37646484375 0.6185233160621761 0.06884765625 0.0667098445595855
6 0.27734375 0.7998704663212435 0.05078125 0.018134715025906734
5 0.689453125 0.1211139896373057 0.046875 0.07901554404145078
3 0.6650390625 0.31023316062176165 0.1162109375 0.06282383419689119
3 0.37646484375 0.40803108808290156 0.1015625 0.11593264248704663
8 0.8193359375 0.908678756476684 0.04052734375 0.056347150259067356
7 0.39892578125 0.6023316062176166 0.05908203125 0.027202072538860103
13 0.6796875 0.47797927461139894 0.01611328125 0.04145077720207254
13 0.38134765625 0.6101036269430051 0.0322265625 0.021373056994818652