9 0.638671875 0.6567357512953368 0.02294921875 0.02849740932642487
8 0.53564453125 0.7577720207253886 0.0419921875 0.052461139896373056
13 0.74072265625 0.36917098445595853 0.0205078125 0.027202072538860103
5 0.7119140625 0.22020725388601037 0.0322265625 0.09650259067357513
13 0.705078125 0.5537564766839378 0.0263671875 0.023963730569948185
7 0.298828125 0.4430051813471503 0.01904296875 0.06994818652849741
13 0.43701171875 0.06152849740932642 0.017578125 0.036917098445595854
13 0.6845703125 0.39896373056994816 0.02490234375 0.02849740932642487
9 0.6923828125 0.716321243523316 0.02783203125 0.025906735751295335
9 0.69677734375 0.7331606217616581 0.017578125 0.020077720207253884
10 0.32861328125 0.7875647668393783 0.01806640625 0.029792746113989636
4 0.45166015625 0.7817357512953368 0.041015625 0.01878238341968912
13 0.78369140625 0.43458549222797926 0.02685546875 0.02072538860103627
8 0.5244140625 0.8769430051813472 0.0390625 0.04727979274611399
13 0.77734375 0.3957253886010363 0.01513671875 0.03950777202072539
13 0.7802734375 0.41968911917098445 0.0302734375 0.022020725388601035
9 0.7353515625 0.4170984455958549 0.01708984375 0.021373056994818652
1 0.27978515625 0.7927461139896373 0.0205078125 0.04015544041450777
7 0.28857421875 0.4067357512953368 0.01708984375 0.07383419689119171
12 0.685546875 0.4650259067357513 0.03125 0.03238341968911917
6 0.60791015625 0.7467616580310881 0.05224609375 0.017487046632124352
5 0.74267578125 0.1489637305699482 0.06396484375 0.050518134715025906
12 0.24560546875 0.8160621761658031 0.03173828125 0.018134715025906734
2 0.7080078125 0.7409326424870466 0.01953125 0.0744818652849741
11 0.76025390625 0.3898963730569948 0.02099609375 0.04533678756476684
4 0.3095703125 0.7713730569948186 0.05029296875 0.029145077720207253
10 0.60595703125 0.7992227979274611 0.0263671875 0.01878238341968912
7 0.7294921875 0.5330310880829016 0.0576171875 0.019430051813471502
7 0.337890625 0.6113989637305699 0.0478515625 0.04792746113989637
13 0.38818359375 0.11398963730569948 0.0166015625 0.03626943005181347
10 0.6865234375 0.5628238341968912 0.021484375 0.031088082901554404
2 0.19580078125 0.6761658031088082 0.044921875 0.0705958549222798
13 0.4189453125 0.10492227979274611 0.01806640625 0.03626943005181347
6 0.3154296875 0.21632124352331605 0.05078125 0.027202072538860103
11 0.474609375 0.25259067357512954 0.0205078125 0.03950777202072539
7 0.17138671875 0.3555699481865285 0.05126953125 0.023316062176165803
2 0.5029296875 0.23510362694300518 0.03857421875 0.07383419689119171
7 0.72509765625 0.7305699481865285 0.01953125 0.07512953367875648
13 0.521484375 0.13018134715025906 0.0205078125 0.042746113989637305
1 0.22021484375 0.8387305699481865 0.02734375 0.03626943005181347
6 0.322265625 0.533678756476684 0.0478515625 0.04209844559585492
11 0.43310546875 0.17292746113989638 0.02197265625 0.04209844559585492
11 0.71875 0.3950777202072539 0.0302734375 0.027849740932642485
11 0.51171875 0.46696891191709844 0.0302734375 0.02849740932642487
11 0.66748046875 0.5414507772020726 0.029296875 0.025906735751295335
7 0.26220703125 0.20660621761658032 0.05126953125 0.042746113989637305
0 0.75048828125 0.42422279792746115 0.0263671875 0.10816062176165803
12 0.673828125 0.7493523316062176 0.025390625 0.04145077720207254
7 0.7705078125 0.8879533678756477 0.01953125 0.06735751295336788
1 0.6787109375 0.42422279792746115 0.029296875 0.034974093264248704
1 0.87109375 0.6567357512953368 0.029296875 0.03626943005181347
4 0.74169921875 0.8095854922279793 0.0341796875 0.03173575129533679
3 0.265625 0.4022020725388601 0.06884765625 0.14702072538860103
2 0.6064453125 0.3238341968911917 0.03125 0.06930051813471502
6 0.31494140625 0.8924870466321243 0.01708984375 0.07124352331606218
2 0.61328125 0.1560880829015544 0.02880859375 0.06735751295336788
1 0.48779296875 0.6146373056994818 0.0302734375 0.040803108808290155
2 0.3193359375 0.9468911917098446 0.037109375 0.06152849740932642
11 0.65283203125 0.5615284974093264 0.01904296875 0.038860103626943004
8 0.66748046875 0.8762953367875648 0.02001953125 0.0667098445595855
11 0.71533203125 0.25647668393782386 0.025390625 0.03367875647668394
11 0.5537109375 0.25323834196891193 0.02685546875 0.038860103626943004
2 0.3154296875 0.39961139896373055 0.02783203125 0.07642487046632124
0 0.48779296875 0.19300518134715025 0.078125 0.025906735751295335
4 0.73876953125 0.9073834196891192 0.03759765625 0.021373056994818652
1 0.33935546875 0.7441709844559585 0.037109375 0.04145077720207254
11 0.25537109375 0.7933937823834197 0.02392578125 0.03238341968911917
2 0.67333984375 0.7227979274611399 0.0341796875 0.06411917098445596
3 0.48388671875 0.802461139896373 0.11328125 0.038860103626943004
2 0.65185546875 0.7189119170984456 0.02197265625 0.06994818652849741
5 0.71826171875 0.13212435233160622 0.044921875 0.08031088082901554
7 0.69970703125 0.6955958549222798 0.04736328125 0.040803108808290155
10 0.142578125 0.8095854922279793 0.0234375 0.027202072538860103
0 0.65478515625 0.344559585492228 0.0595703125 0.086139896373057
2 0.62744140625 0.39831606217616583 0.0478515625 0.04598445595854922
1 0.7119140625 0.5077720207253886 0.02685546875 0.03432642487046632
0 0.2685546875 0.27525906735751293 0.0654296875 0.06800518134715026
0 0.322265625 0.42875647668393785 0.04150390625 0.09909326424870467
1 0.294921875 0.8277202072538861 0.0283203125 0.03562176165803109
0 0.22216796875 0.3322538860103627 0.03662109375 0.09715025906735751
1 0.7412109375 0.2966321243523316 0.02685546875 0.033031088082901554
0 0.36669921875 0.18393782383419688 0.046875 0.09196891191709844
1 0.49853515625 0.2856217616580311 0.0380859375 0.046632124352331605
7 0.6650390625 0.4332901554404145 0.0439453125 0.05505181347150259
0 0.62158203125 0.7765544041450777 0.068359375 0.054404145077720206
5 0.57470703125 0.18588082901554404 0.0634765625 0.06282383419689119
3 0.45068359375 0.8484455958549223 0.1123046875 0.08031088082901554
3 0.78564453125 0.5511658031088082 0.1083984375 0.08484455958549222
0 0.6162109375 0.5971502590673575 0.06591796875 0.07512953367875648
0 0.26708984375 0.24870466321243523 0.06396484375 0.07707253886010362
8 0.30224609375 0.8821243523316062 0.02783203125 0.07124352331606218
12 0.30517578125 0.7933937823834197 0.03076171875 0.023316062176165803