13 0.39501953125 0.8154145077720207 0.0146484375 0.03821243523316062
4 0.77978515625 0.8167098445595855 0.03369140625 0.03367875647668394
10 0.3798828125 0.8238341968911918 0.0244140625 0.022020725388601035
11 0.72802734375 0.2700777202072539 0.02880859375 0.02655440414507772
9 0.349609375 0.8367875647668394 0.0224609375 0.027849740932642485
7 0.32275390625 0.4954663212435233 0.0556640625 0.019430051813471502
8 0.65966796875 0.6081606217616581 0.048828125 0.029792746113989636
5 0.6953125 0.9119170984455959 0.07080078125 0.03821243523316062
7 0.353515625 0.6580310880829016 0.02392578125 0.07318652849740932
10 0.2529296875 0.2817357512953368 0.0166015625 0.036917098445595854
6 0.689453125 0.8944300518134715 0.05615234375 0.021373056994818652
8 0.3818359375 0.5142487046632125 0.0263671875 0.06606217616580311
12 0.7099609375 0.6826424870466321 0.02734375 0.034974093264248704
7 0.29931640625 0.13860103626943004 0.05517578125 0.02461139896373057
7 0.67822265625 0.9190414507772021 0.05029296875 0.03044041450777202
5 0.7373046875 0.19235751295336787 0.04443359375 0.08808290155440414
8 0.33984375 0.8847150259067358 0.0498046875 0.018134715025906734
13 0.37255859375 0.8044041450777202 0.0283203125 0.018134715025906734
13 0.2529296875 0.5356217616580311 0.0185546875 0.04015544041450777
12 0.53076171875 0.18069948186528498 0.03271484375 0.03044041450777202
0 0.67333984375 0.16968911917098445 0.0146484375 0.09196891191709844
13 0.455078125 0.18458549222797926 0.02734375 0.023963730569948185
9 0.65966796875 0.2616580310880829 0.0185546875 0.034974093264248704
10 0.65185546875 0.6457253886010362 0.02392578125 0.033031088082901554
13 0.2802734375 0.5667098445595855 0.02978515625 0.034974093264248704
7 0.72900390625 0.6962435233160622 0.0361328125 0.04987046632124352
2 0.306640625 0.15414507772020725 0.0546875 0.022020725388601035
5 0.22216796875 0.3801813471502591 0.06201171875 0.07642487046632124
7 0.68212890625 0.6515544041450777 0.0546875 0.02072538860103627
7 0.765625 0.8354922279792746 0.0205078125 0.06930051813471502
8 0.6611328125 0.7260362694300518 0.03369140625 0.05764248704663212
13 0.703125 0.28367875647668395 0.025390625 0.03238341968911917
11 0.6533203125 0.27914507772020725 0.02978515625 0.027202072538860103
13 0.5400390625 0.4067357512953368 0.01953125 0.04209844559585492
1 0.26513671875 0.12046632124352331 0.03125 0.038860103626943004
4 0.640625 0.43523316062176165 0.0234375 0.05181347150259067
0 0.693359375 0.17487046632124353 0.01708984375 0.10038860103626943
4 0.349609375 0.27331606217616583 0.0224609375 0.04922279792746114
1 0.24365234375 0.20919689119170984 0.029296875 0.033031088082901554
13 0.48828125 0.6813471502590673 0.02685546875 0.02461139896373057
12 0.4208984375 0.6139896373056994 0.02880859375 0.02849740932642487
10 0.26220703125 0.375 0.02392578125 0.031088082901554404
6 0.36181640625 0.47150259067357514 0.0546875 0.025259067357512953
5 0.47998046875 0.16515544041450778 0.07568359375 0.04339378238341969
7 0.54052734375 0.7273316062176166 0.04931640625 0.04598445595854922
1 0.39794921875 0.4326424870466321 0.03271484375 0.044689119170984455
2 0.3828125 0.38471502590673573 0.03955078125 0.06217616580310881
2 0.24072265625 0.23963730569948186 0.04931640625 0.03950777202072539
11 0.72802734375 0.7318652849740933 0.02490234375 0.031088082901554404
1 0.3681640625 0.12953367875647667 0.0283203125 0.038860103626943004
11 0.26220703125 0.3290155440414508 0.02197265625 0.036917098445595854
11 0.6337890625 0.19430051813471502 0.02880859375 0.027849740932642485
6 0.25244140625 0.39313471502590674 0.05029296875 0.025906735751295335
11 0.40283203125 0.23575129533678757 0.0234375 0.04015544041450777
3 0.6328125 0.13730569948186527 0.12109375 0.036917098445595854
1 0.3447265625 0.6450777202072538 0.02685546875 0.03756476683937824
0 0.6650390625 0.3329015544041451 0.07666015625 0.022020725388601035
12 0.677734375 0.7448186528497409 0.0302734375 0.03173575129533679
1 0.36181640625 0.34520725388601037 0.0302734375 0.03950777202072539
1 0.5498046875 0.1094559585492228 0.033203125 0.04339378238341969
2 0.26318359375 0.16515544041450778 0.02587890625 0.06282383419689119
0 0.33935546875 0.21696891191709844 0.03125 0.09909326424870467
9 0.47509765625 0.625 0.0234375 0.02461139896373057
11 0.2705078125 0.41968911917098445 0.02880859375 0.02655440414507772
0 0.34228515625 0.8568652849740933 0.0712890625 0.04598445595854922
13 0.70068359375 0.6282383419689119 0.01904296875 0.03626943005181347
3 0.3330078125 0.18134715025906736 0.0458984375 0.15738341968911918
11 0.6044921875 0.5233160621761658 0.029296875 0.029792746113989636
0 0.779296875 0.7292746113989638 0.07275390625 0.029792746113989636
1 0.26806640625 0.28756476683937826 0.02587890625 0.03238341968911917
1 0.3076171875 0.8005181347150259 0.0302734375 0.04209844559585492
2 0.4677734375 0.7895077720207254 0.04931640625 0.03950777202072539
1 0.37353515625 0.6599740932642487 0.03076171875 0.04145077720207254
3 0.5048828125 0.7869170984455959 0.1123046875 0.07124352331606218
2 0.81494140625 0.8678756476683938 0.01611328125 0.06217616580310881
2 0.4560546875 0.7512953367875648 0.044921875 0.05181347150259067
11 0.27197265625 0.5278497409326425 0.029296875 0.02461139896373057
2 0.55615234375 0.9261658031088082 0.04833984375 0.03562176165803109
2 0.724609375 0.46243523316062174 0.046875 0.04987046632124352
2 0.29736328125 0.9650259067357513 0.0361328125 0.05699481865284974
7 0.283203125 0.939119170984456 0.046875 0.038860103626943004
0 0.439453125 0.3387305699481865 0.06689453125 0.07124352331606218
6 0.6630859375 0.6819948186528497 0.04736328125 0.05505181347150259
0 0.5615234375 0.23963730569948186 0.0625 0.0783678756476684
0 0.65087890625 0.9047927461139896 0.03515625 0.09520725388601037
0 0.52978515625 0.22215025906735753 0.03466796875 0.09067357512953368
3 0.73583984375 0.38795336787564766 0.10302734375 0.0939119170984456
9 0.7265625 0.2979274611398964 0.02392578125 0.027202072538860103
13 0.66552734375 0.9203367875647669 0.02294921875 0.038860103626943004
11 0.2822265625 0.14961139896373057 0.02099609375 0.04404145077720207
4 0.68994140625 0.6826424870466321 0.03857421875 0.03950777202072539