8 0.29296875 0.45077720207253885 0.04736328125 0.02266839378238342
7 0.5009765625 0.23510362694300518 0.021484375 0.07642487046632124
4 0.46923828125 0.5628238341968912 0.02294921875 0.05116580310880829
12 0.38720703125 0.5654145077720207 0.01904296875 0.040803108808290155
13 0.2822265625 0.4384715025906736 0.02734375 0.02461139896373057
4 0.34033203125 0.5071243523316062 0.0400390625 0.023963730569948185
12 0.2548828125 0.5563471502590673 0.02978515625 0.022020725388601035
7 0.6611328125 0.29404145077720206 0.01611328125 0.07642487046632124
1 0.5361328125 0.18652849740932642 0.03125 0.03950777202072539
7 0.31884765625 0.9099740932642487 0.05126953125 0.027849740932642485
13 0.51220703125 0.15544041450777202 0.0263671875 0.029792746113989636
7 0.566650390625 0.9867227979274611 0.05908203125 0.02655440414507772
9 0.400390625 0.41321243523316065 0.02734375 0.023316062176165803
7 0.482421875 0.20790155440414507 0.037109375 0.05893782383419689
7 0.3681640625 0.4170984455958549 0.04736328125 0.05893782383419689
4 0.5673828125 0.7040155440414507 0.03955078125 0.036917098445595854
12 0.73974609375 0.4028497409326425 0.0322265625 0.01683937823834197
6 0.310546875 0.8860103626943006 0.05322265625 0.022020725388601035
5 0.59033203125 0.7998704663212435 0.03125 0.10103626943005181
10 0.2119140625 0.40479274611398963 0.0234375 0.029792746113989636
11 0.46435546875 0.2189119170984456 0.02001953125 0.03950777202072539
4 0.46728515625 0.19430051813471502 0.04052734375 0.025259067357512953
8 0.18310546875 0.616580310880829 0.0478515625 0.021373056994818652
13 0.56787109375 0.23121761658031087 0.02294921875 0.031088082901554404
0 0.57666015625 0.2538860103626943 0.068359375 0.06088082901554404
13 0.5712890625 0.7299222797927462 0.02587890625 0.029145077720207253
1 0.7021484375 0.24935233160621761 0.02978515625 0.029792746113989636
11 0.6201171875 0.2623056994818653 0.02587890625 0.03432642487046632
7 0.23828125 0.4494818652849741 0.05078125 0.025906735751295335
11 0.6298828125 0.5343264248704663 0.02783203125 0.027849740932642485
8 0.2783203125 0.48121761658031087 0.03369140625 0.05958549222797927
9 0.6484375 0.552461139896373 0.02001953125 0.025259067357512953
1 0.45703125 0.7616580310880829 0.0302734375 0.04922279792746114
3 0.5595703125 0.685880829015544 0.04638671875 0.1567357512953368
13 0.63818359375 0.47150259067357514 0.02880859375 0.025906735751295335
7 0.5185546875 0.5116580310880829 0.0322265625 0.06994818652849741
10 0.50439453125 0.7713730569948186 0.0263671875 0.03044041450777202
8 0.4111328125 0.39961139896373055 0.05078125 0.027849740932642485
1 0.70703125 0.280440414507772 0.02880859375 0.034974093264248704
2 0.31640625 0.2823834196891192 0.02783203125 0.06800518134715026
10 0.61865234375 0.24028497409326424 0.01953125 0.033031088082901554
5 0.3515625 0.31541450777202074 0.06298828125 0.06865284974093264
13 0.62841796875 0.49352331606217614 0.02392578125 0.03756476683937824
9 0.4365234375 0.7487046632124352 0.02197265625 0.029792746113989636
11 0.619140625 0.30505181347150256 0.0244140625 0.03626943005181347
11 0.3974609375 0.43523316062176165 0.0302734375 0.03821243523316062
0 0.6875 0.28432642487046633 0.02587890625 0.09844559585492228
3 0.47412109375 0.2713730569948187 0.05224609375 0.15220207253886012
0 0.482421875 0.5375647668393783 0.0625 0.0744818652849741
0 0.435546875 0.9494818652849741 0.0693359375 0.04404145077720207
7 0.27978515625 0.391839378238342 0.04833984375 0.03238341968911917
1 0.4521484375 0.10621761658031088 0.03173828125 0.03950777202072539
2 0.7861328125 0.405440414507772 0.04736328125 0.04987046632124352
2 0.7255859375 0.21373056994818654 0.0205078125 0.06476683937823834
1 0.2529296875 0.13860103626943004 0.0302734375 0.042746113989637305
0 0.51318359375 0.24093264248704663 0.03466796875 0.09520725388601037
0 0.2939453125 0.3121761658031088 0.0322265625 0.09585492227979274
1 0.43310546875 0.8251295336787565 0.03369140625 0.04533678756476684
6 0.3916015625 0.6068652849740933 0.048828125 0.03432642487046632
11 0.6064453125 0.4993523316062176 0.02734375 0.029145077720207253
11 0.36962890625 0.5518134715025906 0.021484375 0.042746113989637305
11 0.72021484375 0.44559585492227977 0.02099609375 0.038860103626943004
11 0.41455078125 0.19753886010362695 0.0244140625 0.03756476683937824
2 0.1865234375 0.8633419689119171 0.01904296875 0.06347150259067358
1 0.5966796875 0.45012953367875647 0.03125 0.04533678756476684
1 0.671875 0.13924870466321243 0.02880859375 0.03821243523316062
10 0.64404296875 0.27266839378238344 0.025390625 0.01878238341968912
5 0.48291015625 0.6923575129533679 0.0654296875 0.0667098445595855
2 0.56689453125 0.1489637305699482 0.04736328125 0.05116580310880829
6 0.38427734375 0.3795336787564767 0.04345703125 0.050518134715025906
13 0.68115234375 0.33549222797927464 0.025390625 0.025259067357512953
7 0.29541015625 0.18393782383419688 0.04296875 0.056347150259067356
2 0.85546875 0.8173575129533679 0.03466796875 0.05893782383419689
2 0.54833984375 0.9378238341968912 0.044921875 0.05181347150259067
0 0.349609375 0.9002590673575129 0.05322265625 0.08743523316062177
1 0.50634765625 0.8044041450777202 0.033203125 0.044689119170984455
3 0.47900390625 0.633419689119171 0.119140625 0.046632124352331605
2 0.32470703125 0.5278497409326425 0.048828125 0.04015544041450777
11 0.3759765625 0.31541450777202074 0.0283203125 0.02849740932642487
2 0.4453125 0.9248704663212435 0.0478515625 0.03626943005181347
2 0.84228515625 0.7674870466321243 0.04296875 0.04922279792746114
0 0.638671875 0.9060880829015544 0.0703125 0.04533678756476684
3 0.8095703125 0.7817357512953368 0.0634765625 0.14507772020725387
0 0.4814453125 0.16062176165803108 0.07373046875 0.04727979274611399
0 0.240234375 0.38924870466321243 0.06298828125 0.0783678756476684
6 0.57861328125 0.7474093264248705 0.05322265625 0.03821243523316062
5 0.302734375 0.9067357512953368 0.07373046875 0.04145077720207254
13 0.37744140625 0.5841968911917098 0.02880859375 0.02072538860103627
13 0.3359375 0.9216321243523317 0.0166015625 0.04015544041450777
9 0.4794921875 0.5563471502590673 0.01806640625 0.02461139896373057
13 0.25634765625 0.39702072538860106 0.0283203125 0.023963730569948185