13 0.48583984375 0.4643782383419689 0.0166015625 0.036917098445595854
8 0.3251953125 0.8873056994818653 0.03271484375 0.052461139896373056
8 0.6259765625 0.09261658031088082 0.013671875 0.06541450777202072
11 0.3671875 0.28950777202072536 0.02880859375 0.018134715025906734
9 0.15966796875 0.8490932642487047 0.01806640625 0.031088082901554404
13 0.38232421875 0.24611398963730569 0.0166015625 0.03626943005181347
8 0.20458984375 0.6347150259067358 0.01611328125 0.0667098445595855
7 0.72021484375 0.5498704663212435 0.025390625 0.06994818652849741
12 0.28369140625 0.8639896373056994 0.029296875 0.031088082901554404
7 0.380859375 0.26878238341968913 0.0556640625 0.031088082901554404
10 0.69775390625 0.12888601036269431 0.02099609375 0.029792746113989636
12 0.38330078125 0.33484455958549225 0.0361328125 0.023316062176165803
10 0.3154296875 0.7908031088082902 0.01416015625 0.03432642487046632
13 0.25 0.7694300518134715 0.021484375 0.03238341968911917
7 0.59814453125 0.7292746113989638 0.02099609375 0.0705958549222798
4 0.763671875 0.5874352331606217 0.02783203125 0.044689119170984455
6 0.3017578125 0.8335492227979274 0.015625 0.06088082901554404
3 0.7021484375 0.25777202072538863 0.03466796875 0.1567357512953368
12 0.265625 0.1716321243523316 0.02685546875 0.03044041450777202
7 0.46435546875 0.591321243523316 0.0390625 0.06088082901554404
7 0.27880859375 0.31865284974093266 0.01416015625 0.07577720207253887
6 0.3642578125 0.9022020725388601 0.0478515625 0.04339378238341969
5 0.44873046875 0.31994818652849744 0.0283203125 0.09520725388601037
2 0.16064453125 0.18652849740932642 0.02783203125 0.06800518134715026
5 0.5830078125 0.2338082901554404 0.03369140625 0.09650259067357513
7 0.14599609375 0.6955958549222798 0.04296875 0.03626943005181347
1 0.7685546875 0.6353626943005182 0.0322265625 0.048575129533678756
13 0.40576171875 0.3594559585492228 0.029296875 0.025906735751295335
4 0.27685546875 0.8354922279792746 0.02880859375 0.04404145077720207
1 0.2529296875 0.25129533678756477 0.01953125 0.033031088082901554
7 0.40771484375 0.14702072538860103 0.0537109375 0.029145077720207253
3 0.18115234375 0.25 0.10888671875 0.02266839378238342
1 0.36474609375 0.16968911917098445 0.033203125 0.04533678756476684
2 0.3671875 0.8704663212435233 0.0498046875 0.023963730569948185
11 0.43017578125 0.25 0.0205078125 0.03821243523316062
1 0.68359375 0.6398963730569949 0.029296875 0.03950777202072539
10 0.70361328125 0.6768134715025906 0.021484375 0.03432642487046632
6 0.4072265625 0.37694300518134716 0.03662109375 0.05699481865284974
13 0.5634765625 0.6619170984455959 0.02587890625 0.025906735751295335
7 0.525390625 0.9164507772020726 0.0166015625 0.06735751295336788
1 0.66259765625 0.8264248704663213 0.02685546875 0.03562176165803109
1 0.8369140625 0.5621761658031088 0.0283203125 0.03432642487046632
0 0.37255859375 0.31023316062176165 0.080078125 0.023963730569948185
13 0.40966796875 0.9287564766839378 0.01708984375 0.034974093264248704
1 0.75634765625 0.5097150259067358 0.02587890625 0.03432642487046632
2 0.71826171875 0.49028497409326427 0.04345703125 0.05569948186528497
0 0.52392578125 0.6878238341968912 0.07861328125 0.023316062176165803
8 0.44921875 0.7474093264248705 0.02197265625 0.06217616580310881
11 0.64208984375 0.4119170984455959 0.03173828125 0.02655440414507772
1 0.4453125 0.8983160621761658 0.02587890625 0.03626943005181347
6 0.49560546875 0.6256476683937824 0.01953125 0.06994818652849741
5 0.720703125 0.44494818652849744 0.037109375 0.09196891191709844
11 0.45751953125 0.1489637305699482 0.0244140625 0.034974093264248704
4 0.32763671875 0.814119170984456 0.01318359375 0.05181347150259067
11 0.75244140625 0.11269430051813471 0.03125 0.027849740932642485
2 0.66259765625 0.8523316062176166 0.05078125 0.02461139896373057
0 0.26708984375 0.3646373056994819 0.01611328125 0.1016839378238342
0 0.66943359375 0.19818652849740934 0.0576171875 0.07642487046632124
9 0.62109375 0.16321243523316062 0.01904296875 0.03238341968911917
0 0.48095703125 0.6761658031088082 0.02392578125 0.10103626943005181
11 0.607421875 0.1172279792746114 0.02294921875 0.03626943005181347
1 0.783203125 0.4378238341968912 0.03173828125 0.04209844559585492
0 0.6328125 0.44624352331606215 0.03759765625 0.09844559585492228
0 0.4091796875 0.16645077720207255 0.07470703125 0.04533678756476684
11 0.521484375 0.29533678756476683 0.0244140625 0.03950777202072539
4 0.58447265625 0.27331606217616583 0.0361328125 0.04339378238341969
2 0.15185546875 0.1645077720207254 0.02783203125 0.06347150259067358
0 0.2255859375 0.5349740932642487 0.0283203125 0.09715025906735751
11 0.64501953125 0.14572538860103626 0.0224609375 0.03562176165803109
11 0.28369140625 0.22733160621761658 0.0224609375 0.036917098445595854
0 0.73046875 0.30440414507772023 0.02880859375 0.0977979274611399
5 0.4794921875 0.788860103626943 0.0478515625 0.086139896373057
0 0.6650390625 0.266839378238342 0.07080078125 0.05699481865284974
3 0.72265625 0.5965025906735751 0.060546875 0.15544041450777202
7 0.5029296875 0.46049222797927464 0.03076171875 0.06865284974093264
2 0.21142578125 0.8762953367875648 0.046875 0.02849740932642487
1 0.33447265625 0.9449481865284974 0.03125 0.046632124352331605
11 0.22802734375 0.09650259067357513 0.029296875 0.02849740932642487
2 0.2431640625 0.16904145077720206 0.0302734375 0.06476683937823834
2 0.28271484375 0.7765544041450777 0.03173828125 0.06411917098445596
2 0.70751953125 0.7648963730569949 0.05078125 0.03238341968911917
2 0.4970703125 0.12176165803108809 0.033203125 0.07124352331606218
3 0.30322265625 0.10686528497409327 0.0556640625 0.1489637305699482
10 0.671875 0.7687823834196891 0.01953125 0.03821243523316062
13 0.62890625 0.805699481865285 0.0263671875 0.038860103626943004
7 0.46533203125 0.5751295336787565 0.04931640625 0.06088082901554404
9 0.30810546875 0.8646373056994818 0.02099609375 0.031088082901554404
13 0.423828125 0.40349740932642486 0.033203125 0.03756476683937824
9 0.50537109375 0.08484455958549222 0.0263671875 0.031088082901554404
13 0.634765625 0.3957253886010363 0.02978515625 0.03562176165803109
13 0.6689453125 0.22279792746113988 0.02685546875 0.034974093264248704
12 0.68994140625 0.2713730569948187 0.0322265625 0.031088082901554404