13 0.55419921875 0.6878238341968912 0.02392578125 0.03238341968911917
13 0.74755859375 0.34196891191709844 0.0263671875 0.017487046632124352
9 0.70458984375 0.7020725388601037 0.01953125 0.03044041450777202
7 0.5546875 0.8659326424870466 0.03369140625 0.06347150259067358
13 0.37890625 0.7616580310880829 0.01611328125 0.04209844559585492
8 0.79833984375 0.9177461139896373 0.01953125 0.06217616580310881
13 0.5673828125 0.8296632124352331 0.02587890625 0.027202072538860103
9 0.36376953125 0.7448186528497409 0.02294921875 0.02072538860103627
13 0.720703125 0.6411917098445595 0.0263671875 0.021373056994818652
12 0.71435546875 0.25777202072538863 0.0146484375 0.04339378238341969
10 0.626953125 0.5997409326424871 0.02490234375 0.023316062176165803
12 0.1572265625 0.8316062176165803 0.02587890625 0.03238341968911917
10 0.17626953125 0.7726683937823834 0.015625 0.03432642487046632
9 0.74365234375 0.36075129533678757 0.02099609375 0.02266839378238342
7 0.228515625 0.31088082901554404 0.04541015625 0.06541450777202072
13 0.5859375 0.9300518134715026 0.02685546875 0.021373056994818652
5 0.5654296875 0.4067357512953368 0.07861328125 0.029145077720207253
6 0.39501953125 0.7221502590673575 0.01953125 0.06800518134715026
4 0.7001953125 0.7227979274611399 0.033203125 0.040803108808290155
4 0.83447265625 0.9158031088082902 0.033203125 0.03626943005181347
10 0.74169921875 0.46567357512953367 0.01611328125 0.034974093264248704
10 0.67333984375 0.6852331606217616 0.0234375 0.03173575129533679
12 0.53857421875 0.8374352331606217 0.0205078125 0.038860103626943004
8 0.2021484375 0.6230569948186528 0.033203125 0.056347150259067356
7 0.603515625 0.9294041450777202 0.0244140625 0.06541450777202072
11 0.33837890625 0.542098445595855 0.02587890625 0.03367875647668394
7 0.232421875 0.2778497409326425 0.033203125 0.0667098445595855
7 0.46044921875 0.5485751295336787 0.05615234375 0.03238341968911917
6 0.2197265625 0.6813471502590673 0.05078125 0.018134715025906734
13 0.53173828125 0.4954663212435233 0.0205078125 0.03756476683937824
1 0.68310546875 0.5446891191709845 0.025390625 0.03432642487046632
11 0.2158203125 0.5226683937823834 0.02783203125 0.025906735751295335
3 0.65673828125 0.5848445595854922 0.12646484375 0.023316062176165803
13 0.73388671875 0.3238341968911917 0.02783203125 0.027849740932642485
7 0.375 0.8374352331606217 0.02001953125 0.07189119170984457
7 0.1328125 0.8069948186528497 0.0517578125 0.025259067357512953
5 0.68896484375 0.2610103626943005 0.05712890625 0.07577720207253887
11 0.263671875 0.8626943005181347 0.02685546875 0.03173575129533679
1 0.58544921875 0.5168393782383419 0.02783203125 0.03562176165803109
8 0.42236328125 0.8678756476683938 0.05078125 0.03173575129533679
1 0.20703125 0.2849740932642487 0.0302734375 0.04015544041450777
1 0.65478515625 0.560880829015544 0.0263671875 0.03432642487046632
1 0.75537109375 0.5809585492227979 0.0234375 0.03432642487046632
6 0.40380859375 0.22085492227979275 0.041015625 0.05375647668393782
4 0.64306640625 0.6768134715025906 0.015625 0.05375647668393782
11 0.40966796875 0.5045336787564767 0.0205078125 0.036917098445595854
4 0.47900390625 0.40479274611398963 0.0361328125 0.03367875647668394
6 0.193359375 0.5097150259067358 0.04736328125 0.03432642487046632
2 0.66845703125 0.6049222797927462 0.04833984375 0.02849740932642487
2 0.19873046875 0.25841968911917096 0.04931640625 0.03821243523316062
11 0.30078125 0.4332901554404145 0.03076171875 0.025259067357512953
1 0.24609375 0.31088082901554404 0.0224609375 0.03432642487046632
0 0.45068359375 0.572538860103627 0.07177734375 0.06411917098445596
11 0.25146484375 0.7759067357512953 0.0224609375 0.03756476683937824
2 0.2744140625 0.8044041450777202 0.017578125 0.06994818652849741
0 0.30712890625 0.647020725388601 0.07763671875 0.021373056994818652
12 0.1962890625 0.5971502590673575 0.02099609375 0.03950777202072539
11 0.73291015625 0.6502590673575129 0.0263671875 0.027202072538860103
0 0.64697265625 0.939119170984456 0.07080078125 0.02655440414507772
1 0.466796875 0.06735751295336788 0.02587890625 0.03821243523316062
0 0.40771484375 0.4630829015544041 0.0791015625 0.023316062176165803
0 0.173828125 0.8452072538860104 0.0439453125 0.08873056994818652
11 0.77587890625 0.6483160621761658 0.02880859375 0.029145077720207253
11 0.6083984375 0.5459844559585493 0.0263671875 0.03044041450777202
0 0.35498046875 0.7823834196891192 0.04638671875 0.08354922279792747
2 0.7060546875 0.5200777202072538 0.0380859375 0.06152849740932642
2 0.2353515625 0.4721502590673575 0.03564453125 0.06800518134715026
2 0.22216796875 0.8769430051813472 0.02978515625 0.06347150259067358
5 0.52099609375 0.25259067357512954 0.025390625 0.09715025906735751
2 0.40185546875 0.6282383419689119 0.01904296875 0.06735751295336788
3 0.35546875 0.5751295336787565 0.02392578125 0.16321243523316062
2 0.42333984375 0.8367875647668394 0.0517578125 0.03044041450777202
1 0.57958984375 0.5932642487046632 0.0361328125 0.04792746113989637
1 0.79443359375 0.5485751295336787 0.03515625 0.04922279792746114
11 0.42724609375 0.1871761658031088 0.0205078125 0.03626943005181347
7 0.38134765625 0.9080310880829016 0.0341796875 0.06088082901554404
1 0.65380859375 0.4572538860103627 0.0302734375 0.04339378238341969
2 0.60693359375 0.9721502590673575 0.04638671875 0.04015544041450777
5 0.703125 0.15349740932642486 0.04248046875 0.08419689119170984
0 0.21728515625 0.9067357512953368 0.05224609375 0.086139896373057
0 0.18505859375 0.6878238341968912 0.04736328125 0.08678756476683938
2 0.22314453125 0.6314766839378239 0.02783203125 0.0667098445595855
0 0.61279296875 0.7875647668393783 0.05517578125 0.086139896373057
3 0.283203125 0.2927461139896373 0.0498046875 0.14766839378238342
3 0.7001953125 0.4073834196891192 0.0751953125 0.13924870466321243
0 0.46826171875 0.8452072538860104 0.0654296875 0.0667098445595855
7 0.36962890625 0.8490932642487047 0.02685546875 0.0667098445595855
13 0.36181640625 0.8400259067357513 0.03271484375 0.027202072538860103
7 0.4599609375 0.5634715025906736 0.05224609375 0.03432642487046632
8 0.2841796875 0.8387305699481865 0.05712890625 0.029145077720207253
9 0.39013671875 0.49287564766839376 0.0185546875 0.03238341968911917
13 0.39990234375 0.48704663212435234 0.01904296875 0.03432642487046632