6 0.423828125 0.38341968911917096 0.03564453125 0.06023316062176166
3 0.57666015625 0.4183937823834197 0.1015625 0.12953367875647667
12 0.3720703125 0.5103626943005182 0.02099609375 0.05181347150259067
10 0.61767578125 0.680699481865285 0.01708984375 0.03173575129533679
8 0.4013671875 0.4112694300518135 0.04541015625 0.04727979274611399
12 0.62548828125 0.7292746113989638 0.02490234375 0.03367875647668394
9 0.6298828125 0.6852331606217616 0.01904296875 0.02461139896373057
10 0.47119140625 0.40414507772020725 0.01708984375 0.03821243523316062
13 0.74755859375 0.4384715025906736 0.02685546875 0.033031088082901554
8 0.3876953125 0.19106217616580312 0.03173828125 0.04145077720207254
6 0.447265625 0.3646373056994819 0.029296875 0.06606217616580311
4 0.68212890625 0.8575129533678757 0.03125 0.044689119170984455
13 0.5849609375 0.32189119170984454 0.0244140625 0.03367875647668394
10 0.33935546875 0.6457253886010362 0.0166015625 0.034974093264248704
9 0.48046875 0.6262953367875648 0.01708984375 0.033031088082901554
1 0.52099609375 0.39896373056994816 0.029296875 0.03562176165803109
12 0.62548828125 0.8050518134715026 0.03271484375 0.02072538860103627
5 0.22705078125 0.7661917098445595 0.01318359375 0.1016839378238342
2 0.41552734375 0.3555699481865285 0.041015625 0.06282383419689119
5 0.548828125 0.391839378238342 0.0615234375 0.07772020725388601
5 0.5439453125 0.6321243523316062 0.052734375 0.08290155440414508
13 0.53173828125 0.43134715025906734 0.02880859375 0.02072538860103627
11 0.71337890625 0.2655440414507772 0.0263671875 0.029792746113989636
8 0.44677734375 0.7266839378238342 0.05224609375 0.02849740932642487
1 0.40771484375 0.44494818652849744 0.02783203125 0.034974093264248704
11 0.59716796875 0.34132124352331605 0.021484375 0.036917098445595854
7 0.47314453125 0.7066062176165803 0.02880859375 0.06735751295336788
7 0.681640625 0.6781088082901554 0.02001953125 0.0744818652849741
6 0.37451171875 0.814119170984456 0.03173828125 0.06735751295336788
4 0.41748046875 0.4734455958549223 0.03955078125 0.029145077720207253
11 0.4462890625 0.7040155440414507 0.0263671875 0.027202072538860103
3 0.4287109375 0.3173575129533679 0.1220703125 0.022020725388601035
0 0.60107421875 0.7882124352331606 0.07666015625 0.03238341968911917
1 0.43896484375 0.4268134715025907 0.0302734375 0.04015544041450777
3 0.6171875 0.6411917098445595 0.1142578125 0.03238341968911917
9 0.6171875 0.8244818652849741 0.02197265625 0.025906735751295335
2 0.74462890625 0.41386010362694303 0.05029296875 0.025906735751295335
0 0.49267578125 0.3555699481865285 0.06884765625 0.05893782383419689
11 0.33056640625 0.5952072538860104 0.02099609375 0.04015544041450777
7 0.69287109375 0.7202072538860104 0.02685546875 0.06800518134715026
2 0.671875 0.7525906735751295 0.0263671875 0.06541450777202072
0 0.40771484375 0.7571243523316062 0.041015625 0.09132124352331607
5 0.4521484375 0.47538860103626945 0.0478515625 0.0900259067357513
0 0.39013671875 0.5252590673575129 0.06005859375 0.08160621761658031
2 0.72265625 0.5867875647668394 0.0498046875 0.04015544041450777
3 0.5791015625 0.7292746113989638 0.0810546875 0.14248704663212436
1 0.5595703125 0.8173575129533679 0.02685546875 0.03756476683937824
4 0.603515625 0.6541450777202072 0.044921875 0.020077720207253884
8 0.40185546875 0.21502590673575128 0.02197265625 0.0705958549222798
13 0.38037109375 0.1645077720207254 0.03076171875 0.02266839378238342
12 0.6494140625 0.3853626943005181 0.0166015625 0.04404145077720207
9 0.72216796875 0.27979274611398963 0.0166015625 0.023963730569948185
6 0.46484375 0.375 0.0166015625 0.06994818652849741
7 0.42724609375 0.35686528497409326 0.0361328125 0.06865284974093264
4 0.62646484375 0.7525906735751295 0.0390625 0.017487046632124352
10 0.47412109375 0.37240932642487046 0.01611328125 0.03562176165803109