3 0.388671875 0.7674870466321243 0.091796875 0.12953367875647667
6 0.74755859375 0.5330310880829016 0.0244140625 0.06930051813471502
9 0.71240234375 0.48639896373056996 0.01708984375 0.029145077720207253
8 0.38818359375 0.4319948186528497 0.0498046875 0.02072538860103627
5 0.31640625 0.5142487046632125 0.02783203125 0.09844559585492228
12 0.41748046875 0.7480569948186528 0.029296875 0.031088082901554404
10 0.73974609375 0.5168393782383419 0.01513671875 0.036917098445595854
4 0.33740234375 0.5751295336787565 0.01513671875 0.05505181347150259
8 0.54150390625 0.4883419689119171 0.04736328125 0.04145077720207254
9 0.70068359375 0.6392487046632125 0.0185546875 0.02655440414507772
8 0.36181640625 0.8387305699481865 0.04931640625 0.02849740932642487
11 0.6396484375 0.5880829015544041 0.01708984375 0.036917098445595854
7 0.46142578125 0.6301813471502591 0.02392578125 0.0705958549222798
13 0.470703125 0.7176165803108808 0.02685546875 0.027202072538860103
12 0.28857421875 0.5757772020725389 0.021484375 0.04145077720207254
8 0.49462890625 0.8562176165803109 0.05126953125 0.023963730569948185
6 0.72216796875 0.5155440414507773 0.025390625 0.06735751295336788
7 0.6826171875 0.6826424870466321 0.02197265625 0.06800518134715026
9 0.61474609375 0.5077720207253886 0.01318359375 0.019430051813471502
7 0.57177734375 0.7940414507772021 0.04248046875 0.06088082901554404
0 0.5615234375 0.758419689119171 0.04833984375 0.086139896373057
5 0.3818359375 0.5148963730569949 0.07421875 0.034974093264248704
1 0.4560546875 0.4721502590673575 0.025390625 0.040803108808290155
5 0.37646484375 0.4889896373056995 0.0703125 0.05829015544041451
13 0.46875 0.6496113989637305 0.01416015625 0.038860103626943004
10 0.32421875 0.5 0.01708984375 0.034974093264248704
10 0.36669921875 0.36139896373056996 0.017578125 0.038860103626943004
7 0.42236328125 0.29015544041450775 0.0234375 0.07512953367875648
5 0.28466796875 0.6625647668393783 0.0244140625 0.09520725388601037
4 0.2470703125 0.6327720207253886 0.04296875 0.04145077720207254
1 0.30224609375 0.5343264248704663 0.03125 0.03756476683937824
6 0.6689453125 0.6023316062176166 0.0478515625 0.03562176165803109
0 0.4365234375 0.727979274611399 0.01708984375 0.10816062176165803
0 0.26708984375 0.5990932642487047 0.0146484375 0.09974093264248704
11 0.65576171875 0.2959844559585492 0.02587890625 0.03432642487046632
0 0.6416015625 0.7681347150259067 0.01708984375 0.10362694300518134
1 0.56640625 0.40349740932642486 0.03515625 0.04015544041450777
13 0.51025390625 0.30634715025906734 0.0185546875 0.04209844559585492
3 0.4228515625 0.46113989637305697 0.09765625 0.10038860103626943
11 0.52978515625 0.4650259067357513 0.0302734375 0.025259067357512953
4 0.33544921875 0.9209844559585493 0.02783203125 0.04533678756476684
10 0.58642578125 0.6716321243523317 0.01611328125 0.03626943005181347
2 0.67431640625 0.3244818652849741 0.048828125 0.03044041450777202
1 0.45703125 0.7448186528497409 0.02978515625 0.03821243523316062
3 0.5126953125 0.7908031088082902 0.06982421875 0.12759067357512954
3 0.529296875 0.7130829015544041 0.10986328125 0.10038860103626943
6 0.60107421875 0.7305699481865285 0.0263671875 0.06865284974093264
2 0.68505859375 0.38795336787564766 0.044921875 0.05375647668393782
13 0.65576171875 0.5751295336787565 0.0283203125 0.02849740932642487
2 0.56494140625 0.6593264248704663 0.04296875 0.05505181347150259
11 0.43310546875 0.30634715025906734 0.01806640625 0.04015544041450777
9 0.56396484375 0.7091968911917098 0.029296875 0.03173575129533679
12 0.57080078125 0.7506476683937824 0.02587890625 0.04209844559585492
12 0.56103515625 0.7253886010362695 0.01904296875 0.027202072538860103
4 0.609375 0.5602331606217616 0.0400390625 0.017487046632124352