3 0.24853515625 0.5770725388601037 0.0712890625 0.1489637305699482
9 0.7197265625 0.3542746113989637 0.01953125 0.029145077720207253
9 0.6484375 0.6120466321243523 0.02392578125 0.025906735751295335
13 0.25048828125 0.5459844559585493 0.0263671875 0.027202072538860103
10 0.46826171875 0.3860103626943005 0.0185546875 0.03562176165803109
7 0.66943359375 0.5323834196891192 0.03173828125 0.06541450777202072
13 0.361328125 0.7597150259067358 0.02880859375 0.020077720207253884
9 0.48681640625 0.6606217616580311 0.0205078125 0.02655440414507772
6 0.39306640625 0.452720207253886 0.0546875 0.02072538860103627
4 0.5625 0.2979274611398964 0.0234375 0.052461139896373056
5 0.6650390625 0.8128238341968912 0.03466796875 0.09196891191709844
6 0.31982421875 0.211139896373057 0.0498046875 0.019430051813471502
4 0.43896484375 0.6580310880829016 0.03271484375 0.04339378238341969
11 0.5068359375 0.8620466321243523 0.02783203125 0.02461139896373057
8 0.72265625 0.572538860103627 0.02294921875 0.06347150259067358
4 0.716796875 0.3853626943005181 0.02099609375 0.05569948186528497
12 0.375 0.43069948186528495 0.0185546875 0.04339378238341969
8 0.35498046875 0.47020725388601037 0.05322265625 0.02461139896373057
8 0.390625 0.9112694300518135 0.0302734375 0.05505181347150259
10 0.5009765625 0.8089378238341969 0.01953125 0.03238341968911917
12 0.490234375 0.7208549222797928 0.02685546875 0.03756476683937824
10 0.619140625 0.9669689119170984 0.02392578125 0.023963730569948185
4 0.49951171875 0.832901554404145 0.03173828125 0.042746113989637305
12 0.3857421875 0.15997409326424872 0.02783203125 0.03367875647668394
1 0.6962890625 0.6800518134715026 0.0234375 0.03562176165803109
5 0.375 0.7623056994818653 0.02978515625 0.09715025906735751
2 0.36083984375 0.20012953367875647 0.0498046875 0.03562176165803109
11 0.3818359375 0.4106217616580311 0.0205078125 0.04145077720207254
5 0.64697265625 0.8380829015544041 0.04248046875 0.09067357512953368
3 0.396484375 0.5148963730569949 0.11572265625 0.05829015544041451
0 0.3505859375 0.18523316062176165 0.07666015625 0.036917098445595854
6 0.36572265625 0.48704663212435234 0.05859375 0.03044041450777202
1 0.70703125 0.530440414507772 0.029296875 0.03626943005181347
11 0.47021484375 0.9423575129533679 0.02880859375 0.02655440414507772
9 0.2978515625 0.7072538860103627 0.02294921875 0.02461139896373057
1 0.474609375 0.7402849740932642 0.0322265625 0.042746113989637305
11 0.40185546875 0.28950777202072536 0.0302734375 0.02655440414507772
8 0.60693359375 0.23834196891191708 0.0302734375 0.05699481865284974
1 0.36572265625 0.23251295336787564 0.0263671875 0.03367875647668394
0 0.7080078125 0.7856217616580311 0.0205078125 0.09909326424870467
3 0.30517578125 0.3633419689119171 0.0341796875 0.1560880829015544
3 0.4697265625 0.40867875647668395 0.1171875 0.05310880829015544
0 0.45068359375 0.44689119170984454 0.07373046875 0.033031088082901554
2 0.54736328125 0.969559585492228 0.03564453125 0.05829015544041451
6 0.607421875 0.3173575129533679 0.02587890625 0.06606217616580311
2 0.5029296875 0.6457253886010362 0.0390625 0.06217616580310881
2 0.54345703125 0.23575129533678757 0.04248046875 0.05699481865284974
0 0.7001953125 0.5932642487046632 0.0419921875 0.09261658031088082
5 0.62548828125 0.22150259067357514 0.025390625 0.10103626943005181
13 0.3349609375 0.5887305699481865 0.02197265625 0.044689119170984455
7 0.294921875 0.5569948186528497 0.05078125 0.03950777202072539
7 0.5869140625 0.2616580310880829 0.037109375 0.06023316062176166
7 0.75146484375 0.3898963730569948 0.033203125 0.06023316062176166
12 0.58349609375 0.266839378238342 0.0234375 0.03432642487046632
13 0.60693359375 0.2694300518134715 0.0146484375 0.03626943005181347