6 0.44970703125 0.4339378238341969 0.048828125 0.03432642487046632
7 0.35791015625 0.4170984455958549 0.05419921875 0.04404145077720207
12 0.482421875 0.3069948186528497 0.013671875 0.044689119170984455
13 0.4912109375 0.27525906735751293 0.02734375 0.023963730569948185
9 0.67822265625 0.4319948186528497 0.01806640625 0.03044041450777202
10 0.4990234375 0.4209844559585492 0.02587890625 0.02461139896373057
8 0.66015625 0.5673575129533679 0.037109375 0.054404145077720206
5 0.33935546875 0.5505181347150259 0.0166015625 0.10362694300518134
10 0.69873046875 0.5841968911917098 0.0185546875 0.031088082901554404
9 0.6494140625 0.32189119170984454 0.01806640625 0.03044041450777202
11 0.66064453125 0.452720207253886 0.025390625 0.03626943005181347
5 0.42431640625 0.22215025906735753 0.068359375 0.05764248704663212
1 0.5361328125 0.6528497409326425 0.02978515625 0.042746113989637305
8 0.3193359375 0.4164507772020725 0.03466796875 0.06023316062176166
4 0.58984375 0.7474093264248705 0.03662109375 0.029145077720207253
10 0.390625 0.45142487046632124 0.025390625 0.027202072538860103
12 0.3408203125 0.37240932642487046 0.02490234375 0.034974093264248704
3 0.68701171875 0.5382124352331606 0.0380859375 0.15544041450777202
4 0.64892578125 0.4805699481865285 0.0400390625 0.025259067357512953
7 0.70263671875 0.33549222797927464 0.04345703125 0.05310880829015544
6 0.45751953125 0.21632124352331605 0.02783203125 0.06735751295336788
2 0.40625 0.4384715025906736 0.05078125 0.036917098445595854
6 0.4287109375 0.38795336787564766 0.05078125 0.06735751295336788
2 0.5078125 0.3853626943005181 0.052734375 0.02072538860103627
4 0.4365234375 0.2979274611398964 0.03662109375 0.036917098445595854
9 0.45556640625 0.9507772020725389 0.017578125 0.03238341968911917
4 0.68017578125 0.3432642487046632 0.037109375 0.034974093264248704
0 0.41357421875 0.405440414507772 0.080078125 0.03756476683937824
7 0.4912109375 0.3225388601036269 0.03173828125 0.06930051813471502
11 0.5537109375 0.7053108808290155 0.02978515625 0.025906735751295335
13 0.322265625 0.6062176165803109 0.0205078125 0.03756476683937824
1 0.4912109375 0.469559585492228 0.0263671875 0.03367875647668394
2 0.4990234375 0.35751295336787564 0.048828125 0.044689119170984455
5 0.6357421875 0.4319948186528497 0.04345703125 0.08808290155440414
13 0.22998046875 0.4183937823834197 0.01904296875 0.02461139896373057
11 0.3232421875 0.20466321243523317 0.029296875 0.023316062176165803
1 0.6533203125 0.36593264248704666 0.0234375 0.036917098445595854
2 0.6630859375 0.42875647668393785 0.03271484375 0.06606217616580311
6 0.46630859375 0.39961139896373055 0.0439453125 0.05893782383419689
13 0.5224609375 0.6599740932642487 0.0263671875 0.029792746113989636
11 0.2587890625 0.5984455958549223 0.02001953125 0.025906735751295335
12 0.31884765625 0.8471502590673575 0.01708984375 0.04404145077720207
5 0.59423828125 0.7325129533678757 0.0693359375 0.03950777202072539
7 0.6796875 0.40025906735751293 0.0322265625 0.06606217616580311
0 0.43603515625 0.4643782383419689 0.07666015625 0.025259067357512953
12 0.5478515625 0.38147668393782386 0.03125 0.023316062176165803
3 0.30126953125 0.36139896373056996 0.10400390625 0.10103626943005181
0 0.52734375 0.43458549222797926 0.037109375 0.09909326424870467
0 0.703125 0.522020725388601 0.0283203125 0.10233160621761658
3 0.6123046875 0.5453367875647669 0.087890625 0.133419689119171
3 0.4326171875 0.6042746113989638 0.08837890625 0.13406735751295337
1 0.5859375 0.46243523316062174 0.03125 0.04404145077720207
8 0.4638671875 0.4119170984455959 0.03759765625 0.056347150259067356
8 0.4501953125 0.40479274611398963 0.033203125 0.06088082901554404
10 0.3544921875 0.3950777202072539 0.02392578125 0.029145077720207253
9 0.63427734375 0.5595854922279793 0.02099609375 0.023316062176165803