3 0.6474609375 0.5518134715025906 0.11279296875 0.07577720207253887
3 0.4619140625 0.07707253886010362 0.07958984375 0.13665803108808292
7 0.314453125 0.5097150259067358 0.04931640625 0.042746113989637305
8 0.2890625 0.5045336787564767 0.0234375 0.06541450777202072
0 0.3134765625 0.46178756476683935 0.0556640625 0.08419689119170984
9 0.306640625 0.48121761658031087 0.02001953125 0.02461139896373057
7 0.58642578125 0.22150259067357514 0.04931640625 0.04339378238341969
7 0.29638671875 0.3788860103626943 0.0556640625 0.025259067357512953
8 0.58740234375 0.5602331606217616 0.041015625 0.04727979274611399
12 0.67138671875 0.3121761658031088 0.013671875 0.044689119170984455
10 0.3720703125 0.37370466321243523 0.02587890625 0.027849740932642485
5 0.65478515625 0.2655440414507772 0.07275390625 0.03756476683937824
6 0.3544921875 0.38924870466321243 0.0146484375 0.07189119170984457
12 0.5419921875 0.19818652849740934 0.02880859375 0.03044041450777202
13 0.560546875 0.6386010362694301 0.0234375 0.02849740932642487
10 0.37548828125 0.6625647668393783 0.02587890625 0.017487046632124352
1 0.583984375 0.19430051813471502 0.02783203125 0.03756476683937824
12 0.2998046875 0.40803108808290156 0.01708984375 0.04015544041450777
11 0.49365234375 0.7746113989637305 0.02880859375 0.023963730569948185
10 0.6806640625 0.49158031088082904 0.0263671875 0.019430051813471502
8 0.517578125 0.19689119170984457 0.04248046875 0.04727979274611399
8 0.63330078125 0.44689119170984454 0.017578125 0.07253886010362694
11 0.61962890625 0.5660621761658031 0.025390625 0.03950777202072539
4 0.43115234375 0.06476683937823834 0.0224609375 0.05181347150259067
10 0.6044921875 0.5654145077720207 0.0234375 0.03238341968911917
4 0.5009765625 0.06606217616580311 0.03125 0.042746113989637305
4 0.4833984375 0.04339378238341969 0.013671875 0.05505181347150259
3 0.34326171875 0.4009067357512953 0.02685546875 0.16191709844559585
5 0.65380859375 0.4889896373056995 0.072265625 0.046632124352331605
11 0.60107421875 0.42033678756476683 0.0244140625 0.027849740932642485
12 0.58544921875 0.4430051813471503 0.03076171875 0.02849740932642487
7 0.57763671875 0.719559585492228 0.0244140625 0.07253886010362694
1 0.64990234375 0.33549222797927464 0.0244140625 0.03562176165803109
13 0.4560546875 0.37240932642487046 0.02587890625 0.027849740932642485
4 0.43115234375 0.5136010362694301 0.03759765625 0.029792746113989636
13 0.47802734375 0.2623056994818653 0.0234375 0.03367875647668394
5 0.7802734375 0.4430051813471503 0.06787109375 0.05375647668393782
11 0.5498046875 0.6606217616580311 0.02880859375 0.03367875647668394
5 0.71923828125 0.5064766839378239 0.0703125 0.046632124352331605
1 0.6650390625 0.4119170984455959 0.02783203125 0.03238341968911917
2 0.47802734375 0.016191709844559584 0.037109375 0.031088082901554404
2 0.3935546875 0.5272020725388601 0.044921875 0.054404145077720206
2 0.50146484375 0.1878238341968912 0.03662109375 0.06411917098445596
6 0.31591796875 0.7117875647668394 0.04345703125 0.05375647668393782
6 0.39501953125 0.4274611398963731 0.05322265625 0.029145077720207253
0 0.33740234375 0.8814766839378239 0.0703125 0.04404145077720207
3 0.3955078125 0.3335492227979275 0.0458984375 0.15284974093264247
0 0.30517578125 0.10751295336787564 0.0634765625 0.07253886010362694
0 0.70751953125 0.21502590673575128 0.06494140625 0.06347150259067358
6 0.35009765625 0.4954663212435233 0.03466796875 0.06023316062176166
1 0.6943359375 0.266839378238342 0.02490234375 0.034974093264248704
9 0.3251953125 0.49352331606217614 0.01513671875 0.022020725388601035
9 0.373046875 0.4417098445595855 0.01708984375 0.023963730569948185
9 0.3359375 0.3477979274611399 0.01806640625 0.02655440414507772
13 0.40087890625 0.4028497409326425 0.0166015625 0.038860103626943004
2 0.3916015625 0.5466321243523317 0.046875 0.04339378238341969