3 0.5390625 0.6955958549222798 0.05712890625 0.14961139896373057
3 0.18115234375 0.4494818652849741 0.10302734375 0.1055699481865285
7 0.50732421875 0.2538860103626943 0.0322265625 0.06541450777202072
8 0.50341796875 0.22020725388601037 0.04931640625 0.031088082901554404
0 0.47119140625 0.25259067357512954 0.0634765625 0.07383419689119171
9 0.48583984375 0.24352331606217617 0.0185546875 0.02655440414507772
7 0.2900390625 0.6146373056994818 0.03271484375 0.06541450777202072
7 0.40869140625 0.22992227979274613 0.01904296875 0.07383419689119171
8 0.54541015625 0.6159326424870466 0.03564453125 0.054404145077720206
12 0.3583984375 0.7273316062176166 0.03369140625 0.018134715025906734
10 0.40478515625 0.33031088082901555 0.02099609375 0.03432642487046632
5 0.3232421875 0.7053108808290155 0.0283203125 0.09650259067357513
6 0.41650390625 0.3069948186528497 0.05419921875 0.019430051813471502
12 0.2724609375 0.555699481865285 0.02294921875 0.03821243523316062
13 0.6044921875 0.5803108808290155 0.021484375 0.031088082901554404
10 0.62255859375 0.33484455958549225 0.01318359375 0.03432642487046632
1 0.26953125 0.6113989637305699 0.0283203125 0.036917098445595854
12 0.4306640625 0.2344559585492228 0.0302734375 0.02266839378238342
11 0.70703125 0.49158031088082904 0.01806640625 0.03821243523316062
10 0.49365234375 0.7396373056994818 0.0146484375 0.034974093264248704
8 0.271484375 0.5233160621761658 0.03564453125 0.056347150259067356
8 0.4599609375 0.6768134715025906 0.0546875 0.023316062176165803
11 0.5498046875 0.658678756476684 0.02978515625 0.03367875647668394
4 0.171875 0.40867875647668395 0.0390625 0.029792746113989636
10 0.54931640625 0.6386010362694301 0.0244140625 0.031088082901554404
4 0.1728515625 0.5012953367875648 0.0322265625 0.04145077720207254
4 0.15576171875 0.47797927461139894 0.04150390625 0.018134715025906734
3 0.42529296875 0.2920984455958549 0.1220703125 0.03562176165803109
5 0.49169921875 0.7040155440414507 0.03515625 0.09585492227979274
11 0.43994140625 0.6340673575129534 0.02099609375 0.03238341968911917
12 0.45703125 0.6133419689119171 0.021484375 0.040803108808290155
7 0.66552734375 0.602979274611399 0.0546875 0.03238341968911917
1 0.3759765625 0.6988341968911918 0.02685546875 0.03238341968911917
13 0.40380859375 0.4417098445595855 0.02099609375 0.03432642487046632
4 0.51025390625 0.40867875647668395 0.0224609375 0.04987046632124352
13 0.32080078125 0.47085492227979275 0.025390625 0.031088082901554404
5 0.45703125 0.8717616580310881 0.04052734375 0.0900259067357513
11 0.62109375 0.5660621761658031 0.025390625 0.03821243523316062
5 0.5048828125 0.7908031088082902 0.03515625 0.09326424870466321
1 0.43359375 0.7189119170984456 0.0244140625 0.036917098445595854
2 0.13525390625 0.47085492227979275 0.0234375 0.04922279792746114
2 0.5205078125 0.3588082901554404 0.041015625 0.05958549222797927
2 0.2646484375 0.5019430051813472 0.04833984375 0.048575129533678756
6 0.65966796875 0.25582901554404147 0.04052734375 0.05764248704663212
6 0.4453125 0.36075129533678757 0.02197265625 0.0705958549222798
0 0.78759765625 0.28432642487046633 0.033203125 0.09326424870466321
3 0.37451171875 0.36139896373056996 0.115234375 0.06088082901554404
0 0.2041015625 0.241580310880829 0.0546875 0.08419689119170984
0 0.28515625 0.7752590673575129 0.0478515625 0.086139896373057
6 0.49658203125 0.3011658031088083 0.04541015625 0.04598445595854922
1 0.32421875 0.7577720207253886 0.0263671875 0.033031088082901554
9 0.4951171875 0.26813471502590674 0.0166015625 0.020077720207253884
9 0.4560546875 0.3316062176165803 0.01806640625 0.02266839378238342
9 0.38525390625 0.2823834196891192 0.02001953125 0.023963730569948185
13 0.4267578125 0.36852331606217614 0.029296875 0.022020725388601035
2 0.53515625 0.35621761658031087 0.03271484375 0.06217616580310881