13 0.45361328125 0.7169689119170984 0.02490234375 0.02849740932642487
8 0.68212890625 0.6489637305699482 0.05078125 0.029145077720207253
0 0.4521484375 0.30505181347150256 0.0732421875 0.046632124352331605
3 0.54541015625 0.3471502590673575 0.11572265625 0.07189119170984457
3 0.5 0.6981865284974094 0.1103515625 0.10816062176165803
5 0.33544921875 0.37240932642487046 0.02587890625 0.09909326424870467
4 0.32861328125 0.3115284974093264 0.03857421875 0.025259067357512953
9 0.4619140625 0.3238341968911917 0.0224609375 0.022020725388601035
10 0.42626953125 0.29922279792746115 0.0205078125 0.029145077720207253
9 0.708984375 0.3490932642487047 0.0185546875 0.02849740932642487
12 0.35302734375 0.8050518134715026 0.0322265625 0.020077720207253884
7 0.5849609375 0.38277202072538863 0.05322265625 0.044689119170984455
8 0.5712890625 0.6541450777202072 0.05078125 0.03562176165803109
13 0.55615234375 0.9132124352331606 0.013671875 0.029145077720207253
10 0.52734375 0.5654145077720207 0.0146484375 0.03432642487046632
9 0.298828125 0.7072538860103627 0.01708984375 0.03044041450777202
7 0.46630859375 0.6191709844559585 0.0322265625 0.06282383419689119
4 0.6513671875 0.5841968911917098 0.04150390625 0.02266839378238342
6 0.599609375 0.4650259067357513 0.01708984375 0.0667098445595855
7 0.61865234375 0.24805699481865284 0.01416015625 0.06994818652849741
11 0.5537109375 0.37629533678756477 0.02490234375 0.03950777202072539
8 0.501953125 0.7240932642487047 0.044921875 0.04792746113989637
8 0.52294921875 0.35233160621761656 0.046875 0.04209844559585492
13 0.287109375 0.5284974093264249 0.02734375 0.02266839378238342
0 0.59033203125 0.4216321243523316 0.0703125 0.05181347150259067
11 0.49365234375 0.9009067357512953 0.02197265625 0.036917098445595854
6 0.53564453125 0.625 0.03125 0.06411917098445596
4 0.6708984375 0.3380829015544041 0.037109375 0.03238341968911917
2 0.54345703125 0.5459844559585493 0.01904296875 0.06865284974093264
11 0.2626953125 0.5472797927461139 0.03125 0.02461139896373057
10 0.5205078125 0.6431347150259067 0.0224609375 0.029792746113989636
12 0.7734375 0.35038860103626945 0.02783203125 0.031088082901554404
6 0.56396484375 0.5971502590673575 0.0234375 0.06800518134715026
13 0.67138671875 0.48121761658031087 0.01904296875 0.03756476683937824
1 0.37548828125 0.6373056994818653 0.03125 0.038860103626943004
1 0.5341796875 0.43523316062176165 0.02685546875 0.031088082901554404
3 0.4228515625 0.6340673575129534 0.08642578125 0.13601036269430053
6 0.67822265625 0.6172279792746114 0.041015625 0.04987046632124352
12 0.5537109375 0.716321243523316 0.02685546875 0.034974093264248704
5 0.67724609375 0.7124352331606217 0.07275390625 0.03238341968911917
2 0.59033203125 0.6593264248704663 0.05224609375 0.04209844559585492
1 0.62548828125 0.4851036269430052 0.029296875 0.03950777202072539
11 0.64453125 0.7454663212435233 0.02783203125 0.031088082901554404
3 0.43310546875 0.3484455958549223 0.1083984375 0.09585492227979274
1 0.779296875 0.3711139896373057 0.02490234375 0.03367875647668394
0 0.4853515625 0.6243523316062176 0.015625 0.1055699481865285
2 0.56884765625 0.5246113989637305 0.03466796875 0.06088082901554404
2 0.71923828125 0.47085492227979275 0.04345703125 0.05699481865284974
4 0.50439453125 0.38212435233160624 0.03076171875 0.04598445595854922
0 0.49365234375 0.44624352331606215 0.06982421875 0.06411917098445596
9 0.6396484375 0.327720207253886 0.01806640625 0.04727979274611399
5 0.5927734375 0.4060880829015544 0.06640625 0.05375647668393782
12 0.6455078125 0.4838082901554404 0.01513671875 0.04015544041450777
7 0.669921875 0.6243523316062176 0.04736328125 0.04727979274611399
5 0.45166015625 0.6625647668393783 0.0595703125 0.08354922279792747
10 0.55810546875 0.7273316062176166 0.02392578125 0.036917098445595854