6 0.587890625 0.6010362694300518 0.04541015625 0.04727979274611399
3 0.5615234375 0.39831606217616583 0.09765625 0.13471502590673576
12 0.4921875 0.6696891191709845 0.0390625 0.027849740932642485
10 0.36376953125 0.3439119170984456 0.02392578125 0.02266839378238342
8 0.56689453125 0.6308290155440415 0.03564453125 0.06023316062176166
12 0.3271484375 0.3335492227979275 0.025390625 0.033031088082901554
9 0.3603515625 0.327720207253886 0.0185546875 0.025259067357512953
10 0.572265625 0.5382124352331606 0.02880859375 0.02266839378238342
13 0.54638671875 0.1716321243523316 0.02490234375 0.03562176165803109
8 0.73291015625 0.6489637305699482 0.03125 0.04209844559585492
6 0.60205078125 0.5699481865284974 0.0498046875 0.038860103626943004
4 0.23046875 0.25841968911917096 0.03369140625 0.04145077720207254
13 0.63427734375 0.3873056994818653 0.025390625 0.03238341968911917
10 0.39013671875 0.7130829015544041 0.0263671875 0.022020725388601035
9 0.40478515625 0.5259067357512953 0.02490234375 0.02266839378238342
1 0.576171875 0.4721502590673575 0.02685546875 0.038860103626943004
12 0.27001953125 0.3335492227979275 0.015625 0.04339378238341969
5 0.29931640625 0.8620466321243523 0.07666015625 0.017487046632124352
2 0.60888671875 0.6120466321243523 0.04736328125 0.054404145077720206
5 0.58154296875 0.43523316062176165 0.05859375 0.08160621761658031
5 0.400390625 0.4417098445595855 0.0625 0.06994818652849741
13 0.5517578125 0.4579015544041451 0.015625 0.03821243523316062
11 0.6767578125 0.21696891191709844 0.0224609375 0.034974093264248704
8 0.3291015625 0.5705958549222798 0.021484375 0.06930051813471502
1 0.54150390625 0.6224093264248705 0.0263671875 0.036917098445595854
11 0.61962890625 0.3711139896373057 0.02783203125 0.02849740932642487
7 0.34423828125 0.5356217616580311 0.05078125 0.03821243523316062
7 0.36572265625 0.25906735751295334 0.05615234375 0.02655440414507772
6 0.26318359375 0.6664507772020726 0.05078125 0.04209844559585492
4 0.52001953125 0.6094559585492227 0.02197265625 0.052461139896373056
11 0.34619140625 0.5712435233160622 0.0205078125 0.034974093264248704
3 0.6376953125 0.594559585492228 0.0166015625 0.16191709844559585
0 0.28271484375 0.36593264248704666 0.0244140625 0.1016839378238342
1 0.55517578125 0.5809585492227979 0.0302734375 0.04015544041450777
3 0.3935546875 0.344559585492228 0.0244140625 0.15155440414507773
9 0.25537109375 0.344559585492228 0.01953125 0.029145077720207253
2 0.56494140625 0.17551813471502592 0.01953125 0.0667098445595855
0 0.60888671875 0.5097150259067358 0.04443359375 0.09132124352331607
11 0.42822265625 0.7247409326424871 0.0302734375 0.027849740932642485
7 0.333984375 0.24417098445595856 0.05126953125 0.03562176165803109
2 0.3095703125 0.27202072538860106 0.04931640625 0.034974093264248704
0 0.30615234375 0.6224093264248705 0.06884765625 0.054404145077720206
5 0.5185546875 0.5634715025906736 0.06787109375 0.06347150259067358
0 0.48095703125 0.6457253886010362 0.0615234375 0.07966321243523317
2 0.4345703125 0.20466321243523317 0.0302734375 0.06606217616580311
3 0.3271484375 0.3950777202072539 0.107421875 0.10751295336787564
1 0.2607421875 0.4209844559585492 0.0283203125 0.03562176165803109
4 0.3837890625 0.3626943005181347 0.01513671875 0.05958549222797927
8 0.71484375 0.6301813471502591 0.05322265625 0.029145077720207253
13 0.7529296875 0.658678756476684 0.01708984375 0.040803108808290155
12 0.58642578125 0.3018134715025907 0.033203125 0.022020725388601035
9 0.666015625 0.20531088082901555 0.01806640625 0.022020725388601035
6 0.59423828125 0.5466321243523317 0.052734375 0.022020725388601035
7 0.60791015625 0.5965025906735751 0.0517578125 0.04792746113989637
4 0.3095703125 0.3322538860103627 0.01318359375 0.05181347150259067
10 0.59619140625 0.5343264248704663 0.02685546875 0.021373056994818652