8 0.53271484375 0.15090673575129535 0.04443359375 0.03626943005181347
5 0.39111328125 0.1483160621761658 0.0380859375 0.08937823834196891
9 0.55224609375 0.6729274611398963 0.01904296875 0.027202072538860103
12 0.419921875 0.667098445595855 0.025390625 0.034974093264248704
13 0.64794921875 0.24611398963730569 0.02783203125 0.02266839378238342
12 0.49560546875 0.7072538860103627 0.03564453125 0.023316062176165803
7 0.5029296875 0.75 0.0419921875 0.046632124352331605
1 0.57763671875 0.19170984455958548 0.02685546875 0.033031088082901554
8 0.55224609375 0.14443005181347152 0.0419921875 0.05764248704663212
12 0.5849609375 0.23575129533678757 0.02099609375 0.040803108808290155
13 0.8076171875 0.5440414507772021 0.02783203125 0.025906735751295335
11 0.51416015625 0.7085492227979274 0.02001953125 0.031088082901554404
12 0.4130859375 0.6185233160621761 0.03662109375 0.022020725388601035
4 0.40673828125 0.6534974093264249 0.0234375 0.052461139896373056
11 0.4296875 0.1955958549222798 0.0146484375 0.03821243523316062
7 0.4619140625 0.16321243523316062 0.04931640625 0.03432642487046632
4 0.54052734375 0.18588082901554404 0.02490234375 0.04987046632124352
4 0.66552734375 0.658678756476684 0.0419921875 0.02072538860103627
6 0.6669921875 0.3484455958549223 0.02685546875 0.04727979274611399
7 0.2900390625 0.7208549222797928 0.04248046875 0.05893782383419689
10 0.3583984375 0.1172279792746114 0.02392578125 0.02849740932642487
9 0.43310546875 0.7072538860103627 0.017578125 0.029792746113989636
5 0.7236328125 0.5518134715025906 0.0556640625 0.07966321243523317
13 0.5234375 0.3426165803108808 0.025390625 0.027849740932642485
7 0.494140625 0.7208549222797928 0.0595703125 0.02266839378238342
5 0.396484375 0.7396373056994818 0.07470703125 0.034974093264248704
3 0.4345703125 0.7590673575129534 0.12451171875 0.025259067357512953
6 0.40673828125 0.21955958549222798 0.01953125 0.07124352331606218
6 0.609375 0.2033678756476684 0.03515625 0.05764248704663212
13 0.3583984375 0.7623056994818653 0.025390625 0.029145077720207253
1 0.38427734375 0.47150259067357514 0.0322265625 0.040803108808290155
5 0.70654296875 0.6126943005181347 0.04638671875 0.09585492227979274
11 0.69580078125 0.3626943005181347 0.02294921875 0.03238341968911917
0 0.650390625 0.36787564766839376 0.04931640625 0.08937823834196891
1 0.23779296875 0.49093264248704666 0.02978515625 0.034974093264248704
2 0.48486328125 0.18976683937823835 0.0458984375 0.052461139896373056
6 0.6591796875 0.7007772020725389 0.03955078125 0.06023316062176166
3 0.830078125 0.4883419689119171 0.09130859375 0.11787564766839378
10 0.22216796875 0.25647668393782386 0.02392578125 0.02266839378238342
10 0.52783203125 0.31541450777202074 0.02783203125 0.021373056994818652
2 0.2978515625 0.7772020725388601 0.04931640625 0.034974093264248704
8 0.61767578125 0.6502590673575129 0.04052734375 0.05505181347150259
3 0.541015625 0.4430051813471503 0.03759765625 0.15738341968911918
2 0.41064453125 0.694300518134715 0.05078125 0.04792746113989637
3 0.50634765625 0.37694300518134716 0.048828125 0.15155440414507773
4 0.48486328125 0.6651554404145078 0.03564453125 0.042746113989637305
0 0.6455078125 0.2823834196891192 0.072265625 0.048575129533678756
0 0.4814453125 0.6411917098445595 0.06396484375 0.07772020725388601
2 0.31298828125 0.7033678756476683 0.03515625 0.06347150259067358
0 0.7255859375 0.6664507772020726 0.0517578125 0.08873056994818652
11 0.38232421875 0.7098445595854922 0.02685546875 0.03432642487046632
1 0.552734375 0.13665803108808292 0.02587890625 0.03562176165803109
9 0.462890625 0.7014248704663213 0.017578125 0.027202072538860103
8 0.65966796875 0.6664507772020726 0.05224609375 0.022020725388601035
9 0.5830078125 0.21243523316062177 0.0205078125 0.025906735751295335
10 0.5390625 0.7143782383419689 0.025390625 0.02461139896373057