8 0.5517578125 0.522020725388601 0.0400390625 0.05764248704663212
7 0.4072265625 0.375 0.0390625 0.06088082901554404
7 0.5322265625 0.15349740932642486 0.03857421875 0.05893782383419689
8 0.41357421875 0.483160621761658 0.04931640625 0.019430051813471502
11 0.544921875 0.16774611398963732 0.03369140625 0.020077720207253884
13 0.26025390625 0.27396373056994816 0.029296875 0.02266839378238342
4 0.29833984375 0.40025906735751293 0.025390625 0.050518134715025906
13 0.62890625 0.2707253886010363 0.02099609375 0.036917098445595854
9 0.56640625 0.6120466321243523 0.02197265625 0.029145077720207253
9 0.33642578125 0.37240932642487046 0.021484375 0.02266839378238342
13 0.34033203125 0.2823834196891192 0.02392578125 0.031088082901554404
11 0.75 0.3711139896373057 0.02587890625 0.031088082901554404
1 0.32763671875 0.43069948186528495 0.02685546875 0.03238341968911917
2 0.431640625 0.44494818652849744 0.052734375 0.021373056994818652
5 0.31640625 0.24417098445595856 0.06591796875 0.05893782383419689
12 0.65478515625 0.36917098445595853 0.01708984375 0.044689119170984455
13 0.44580078125 0.32642487046632124 0.02783203125 0.020077720207253884
11 0.47705078125 0.48251295336787564 0.02734375 0.025906735751295335
5 0.33447265625 0.39248704663212436 0.07373046875 0.036917098445595854
1 0.3759765625 0.47474093264248707 0.0263671875 0.03367875647668394
9 0.29931640625 0.5362694300518135 0.02490234375 0.02655440414507772
2 0.6416015625 0.31088082901554404 0.05419921875 0.023316062176165803
8 0.359375 0.4851036269430052 0.0517578125 0.03173575129533679
10 0.75439453125 0.29015544041450775 0.02001953125 0.03562176165803109
10 0.57177734375 0.23963730569948186 0.0185546875 0.034974093264248704
7 0.64111328125 0.508419689119171 0.0556640625 0.01878238341968912
7 0.6279296875 0.36658031088082904 0.05517578125 0.023963730569948185
9 0.49951171875 0.422279792746114 0.0205078125 0.03173575129533679
1 0.51953125 0.3173575129533679 0.02685546875 0.038860103626943004
0 0.3759765625 0.15738341968911918 0.07861328125 0.025906735751295335
6 0.66796875 0.280440414507772 0.03857421875 0.05569948186528497
1 0.67822265625 0.14183937823834197 0.02880859375 0.03562176165803109
0 0.40283203125 0.16774611398963732 0.0732421875 0.034974093264248704
11 0.4248046875 0.41580310880829013 0.02490234375 0.038860103626943004
4 0.54736328125 0.29857512953367876 0.01708984375 0.054404145077720206
6 0.52587890625 0.6645077720207254 0.0517578125 0.03238341968911917
8 0.49462890625 0.3555699481865285 0.0224609375 0.06541450777202072
0 0.72998046875 0.34196891191709844 0.04443359375 0.08937823834196891
5 0.38623046875 0.3704663212435233 0.05859375 0.07966321243523317
6 0.6552734375 0.33484455958549225 0.04443359375 0.050518134715025906
0 0.36767578125 0.42422279792746115 0.04443359375 0.09326424870466321
2 0.60205078125 0.3950777202072539 0.05078125 0.027849740932642485
2 0.501953125 0.5252590673575129 0.03759765625 0.06152849740932642
3 0.353515625 0.6534974093264249 0.076171875 0.14378238341968913
6 0.5556640625 0.4883419689119171 0.03515625 0.06282383419689119
3 0.705078125 0.24093264248704663 0.0751953125 0.13989637305699482
4 0.3955078125 0.47797927461139894 0.02001953125 0.05310880829015544
4 0.6552734375 0.2920984455958549 0.03564453125 0.036917098445595854
3 0.45556640625 0.4585492227979275 0.1220703125 0.025259067357512953
3 0.38037109375 0.655440414507772 0.060546875 0.15479274611398963
12 0.44873046875 0.13406735751295337 0.0166015625 0.04145077720207254
10 0.55810546875 0.15155440414507773 0.025390625 0.022020725388601035
12 0.48681640625 0.33419689119170987 0.01416015625 0.044689119170984455
12 0.353515625 0.6178756476683938 0.02099609375 0.04339378238341969
10 0.40283203125 0.1871761658031088 0.02392578125 0.023316062176165803