13 0.45361328125 0.28303108808290156 0.02490234375 0.02849740932642487
8 0.68212890625 0.35103626943005184 0.05078125 0.029145077720207253
0 0.4521484375 0.6949481865284974 0.0732421875 0.046632124352331605
3 0.54541015625 0.6528497409326425 0.11572265625 0.07189119170984457
3 0.5 0.3018134715025907 0.1103515625 0.10816062176165803
5 0.33544921875 0.6275906735751295 0.02587890625 0.09909326424870467
4 0.32861328125 0.6884715025906736 0.03857421875 0.025259067357512953
9 0.4619140625 0.6761658031088082 0.0224609375 0.022020725388601035
10 0.42626953125 0.7007772020725389 0.0205078125 0.029145077720207253
9 0.708984375 0.6509067357512953 0.0185546875 0.02849740932642487
12 0.35302734375 0.1949481865284974 0.0322265625 0.020077720207253884
7 0.5849609375 0.6172279792746114 0.05322265625 0.044689119170984455
8 0.5712890625 0.34585492227979275 0.05078125 0.03562176165803109
13 0.55615234375 0.08678756476683938 0.013671875 0.029145077720207253
10 0.52734375 0.43458549222797926 0.0146484375 0.03432642487046632
9 0.298828125 0.2927461139896373 0.01708984375 0.03044041450777202
7 0.46630859375 0.38082901554404147 0.0322265625 0.06282383419689119
4 0.6513671875 0.41580310880829013 0.04150390625 0.02266839378238342
6 0.599609375 0.5349740932642487 0.01708984375 0.0667098445595855
7 0.61865234375 0.7519430051813472 0.01416015625 0.06994818652849741
11 0.5537109375 0.6237046632124352 0.02490234375 0.03950777202072539
8 0.501953125 0.2759067357512953 0.044921875 0.04792746113989637
8 0.52294921875 0.6476683937823834 0.046875 0.04209844559585492
13 0.287109375 0.47150259067357514 0.02734375 0.02266839378238342
0 0.59033203125 0.5783678756476683 0.0703125 0.05181347150259067
11 0.49365234375 0.09909326424870467 0.02197265625 0.036917098445595854
6 0.53564453125 0.375 0.03125 0.06411917098445596
4 0.6708984375 0.6619170984455959 0.037109375 0.03238341968911917
2 0.54345703125 0.4540155440414508 0.01904296875 0.06865284974093264
11 0.2626953125 0.452720207253886 0.03125 0.02461139896373057
10 0.5205078125 0.35686528497409326 0.0224609375 0.029792746113989636
12 0.7734375 0.6496113989637305 0.02783203125 0.031088082901554404
6 0.56396484375 0.4028497409326425 0.0234375 0.06800518134715026
13 0.67138671875 0.5187823834196891 0.01904296875 0.03756476683937824
1 0.37548828125 0.3626943005181347 0.03125 0.038860103626943004
1 0.5341796875 0.5647668393782384 0.02685546875 0.031088082901554404
3 0.4228515625 0.36593264248704666 0.08642578125 0.13601036269430053
6 0.67822265625 0.38277202072538863 0.041015625 0.04987046632124352
12 0.5537109375 0.28367875647668395 0.02685546875 0.034974093264248704
5 0.67724609375 0.28756476683937826 0.07275390625 0.03238341968911917
2 0.59033203125 0.34067357512953367 0.05224609375 0.04209844559585492
1 0.62548828125 0.5148963730569949 0.029296875 0.03950777202072539
11 0.64453125 0.2545336787564767 0.02783203125 0.031088082901554404
3 0.43310546875 0.6515544041450777 0.1083984375 0.09585492227979274
1 0.779296875 0.6288860103626943 0.02490234375 0.03367875647668394
0 0.4853515625 0.3756476683937824 0.015625 0.1055699481865285
2 0.56884765625 0.47538860103626945 0.03466796875 0.06088082901554404
2 0.71923828125 0.5291450777202072 0.04345703125 0.05699481865284974
4 0.50439453125 0.6178756476683938 0.03076171875 0.04598445595854922
0 0.49365234375 0.5537564766839378 0.06982421875 0.06411917098445596
9 0.6396484375 0.6722797927461139 0.01806640625 0.04727979274611399
5 0.5927734375 0.5939119170984456 0.06640625 0.05375647668393782
12 0.6455078125 0.5161917098445595 0.01513671875 0.04015544041450777
7 0.669921875 0.3756476683937824 0.04736328125 0.04727979274611399
5 0.45166015625 0.33743523316062174 0.0595703125 0.08354922279792747
10 0.55810546875 0.27266839378238344 0.02392578125 0.036917098445595854