3 0.70654296875 0.6981865284974094 0.04296875 0.15932642487046633
9 0.2998046875 0.5427461139896373 0.0234375 0.02461139896373057
13 0.3740234375 0.5550518134715026 0.01318359375 0.03821243523316062
9 0.70458984375 0.36075129533678757 0.0234375 0.02461139896373057
7 0.4462890625 0.522020725388601 0.05078125 0.023963730569948185
5 0.4755859375 0.6185233160621761 0.07470703125 0.015544041450777202
7 0.65771484375 0.7046632124352331 0.013671875 0.07383419689119171
1 0.31591796875 0.45077720207253885 0.0322265625 0.04145077720207254
9 0.708984375 0.7312176165803109 0.0205078125 0.03044041450777202
12 0.39794921875 0.2862694300518135 0.01953125 0.04145077720207254
12 0.3515625 0.3594559585492228 0.0283203125 0.04015544041450777
5 0.63671875 0.21502590673575128 0.0263671875 0.0744818652849741
5 0.43359375 0.5634715025906736 0.0693359375 0.0705958549222798
10 0.3466796875 0.5971502590673575 0.02783203125 0.021373056994818652
10 0.48095703125 0.38860103626943004 0.0205078125 0.03367875647668394
8 0.60888671875 0.24611398963730569 0.04296875 0.044689119170984455
4 0.69775390625 0.25971502590673573 0.021484375 0.048575129533678756
7 0.720703125 0.3646373056994819 0.0390625 0.05505181347150259
8 0.32958984375 0.852979274611399 0.05126953125 0.022020725388601035
11 0.32373046875 0.8283678756476683 0.01904296875 0.042746113989637305
4 0.56689453125 0.2959844559585492 0.021484375 0.05505181347150259
10 0.3935546875 0.6690414507772021 0.0244140625 0.023316062176165803
13 0.42041015625 0.5019430051813472 0.02099609375 0.03626943005181347
8 0.701171875 0.41321243523316065 0.03076171875 0.06282383419689119
8 0.48046875 0.5602331606217616 0.0361328125 0.06088082901554404
6 0.626953125 0.4805699481865285 0.0400390625 0.05958549222797927
2 0.5400390625 0.5207253886010362 0.048828125 0.023963730569948185
5 0.6513671875 0.7642487046632125 0.04296875 0.08743523316062177
1 0.38525390625 0.49870466321243523 0.02783203125 0.03626943005181347
13 0.5625 0.7273316062176166 0.02392578125 0.029792746113989636
2 0.4453125 0.5854922279792746 0.03857421875 0.06541450777202072
3 0.3642578125 0.452720207253886 0.02294921875 0.15997409326424872
11 0.3505859375 0.6159326424870466 0.02978515625 0.02266839378238342
11 0.47021484375 0.3704663212435233 0.021484375 0.04015544041450777
0 0.44091796875 0.6411917098445595 0.072265625 0.03432642487046632
1 0.7021484375 0.591321243523316 0.02587890625 0.034974093264248704
0 0.6806640625 0.7435233160621761 0.033203125 0.10038860103626943
6 0.35107421875 0.5563471502590673 0.015625 0.07124352331606218
2 0.3095703125 0.41450777202072536 0.05078125 0.03367875647668394
11 0.46337890625 0.6567357512953368 0.02490234375 0.03367875647668394
3 0.51416015625 0.35233160621761656 0.0283203125 0.15997409326424872
6 0.49169921875 0.5239637305699482 0.04833984375 0.04209844559585492
2 0.43701171875 0.4268134715025907 0.044921875 0.05505181347150259
4 0.375 0.727979274611399 0.03515625 0.04015544041450777
0 0.333984375 0.3788860103626943 0.0732421875 0.04792746113989637
3 0.67724609375 0.4889896373056995 0.02099609375 0.16126943005181346
1 0.44140625 0.8698186528497409 0.02685546875 0.038860103626943004
9 0.39892578125 0.5291450777202072 0.02099609375 0.02849740932642487
6 0.33984375 0.4255181347150259 0.025390625 0.07189119170984457
7 0.58935546875 0.26748704663212436 0.0458984375 0.06606217616580311
13 0.61767578125 0.27849740932642486 0.02490234375 0.03821243523316062
12 0.40673828125 0.5550518134715026 0.0322265625 0.03626943005181347
12 0.58447265625 0.26813471502590674 0.02490234375 0.038860103626943004
10 0.56396484375 0.9287564766839378 0.01611328125 0.03367875647668394