3 0.6494140625 0.7739637305699482 0.1201171875 0.05699481865284974
9 0.5322265625 0.2344559585492228 0.0185546875 0.031088082901554404
13 0.54150390625 0.3329015544041451 0.02880859375 0.017487046632124352
9 0.39501953125 0.7713730569948186 0.0185546875 0.031088082901554404
7 0.5166015625 0.42875647668393785 0.01806640625 0.06735751295336788
5 0.58935546875 0.4676165803108808 0.01171875 0.09909326424870467
7 0.654296875 0.7091968911917098 0.0556640625 0.018134715025906734
1 0.462890625 0.25582901554404147 0.03125 0.042746113989637305
9 0.67431640625 0.7772020725388601 0.02294921875 0.027202072538860103
12 0.3388671875 0.3646373056994819 0.03125 0.025906735751295335
12 0.39404296875 0.30310880829015546 0.0302734375 0.03756476683937824
5 0.28515625 0.6813471502590673 0.05615234375 0.034974093264248704
5 0.5478515625 0.4119170984455959 0.05322265625 0.09196891191709844
10 0.5732421875 0.2966321243523316 0.01611328125 0.036917098445595854
10 0.416015625 0.47474093264248707 0.025390625 0.027202072538860103
8 0.30859375 0.6444300518134715 0.03369140625 0.05699481865284974
4 0.31884765625 0.7623056994818653 0.03662109375 0.02849740932642487
7 0.39794921875 0.7927461139896373 0.04150390625 0.05181347150259067
8 0.76611328125 0.27396373056994816 0.0166015625 0.06800518134715026
11 0.74755859375 0.2661917098445596 0.0322265625 0.025259067357512953
4 0.34619140625 0.5887305699481865 0.04150390625 0.02849740932642487
10 0.62744140625 0.3588082901554404 0.017578125 0.03238341968911917
13 0.50146484375 0.3944300518134715 0.02734375 0.027849740932642485
8 0.4345703125 0.7668393782383419 0.04736328125 0.040803108808290155
8 0.54541015625 0.4740932642487047 0.0458984375 0.04792746113989637
6 0.4853515625 0.6683937823834197 0.044921875 0.05310880829015544
2 0.515625 0.5531088082901554 0.01806640625 0.06476683937823834
5 0.69921875 0.7007772020725389 0.06591796875 0.05699481865284974
1 0.4990234375 0.3477979274611399 0.02734375 0.036917098445595854
13 0.67138671875 0.582901554404145 0.0224609375 0.03173575129533679
2 0.564453125 0.4274611398963731 0.04931640625 0.05116580310880829
3 0.46435546875 0.31994818652849744 0.12060546875 0.03044041450777202
11 0.58740234375 0.3018134715025907 0.01708984375 0.03950777202072539
11 0.40234375 0.46049222797927464 0.0302734375 0.02849740932642487
0 0.6064453125 0.4216321243523316 0.02587890625 0.09585492227979274
1 0.56884765625 0.7681347150259067 0.0263671875 0.03432642487046632
0 0.68359375 0.7396373056994818 0.07568359375 0.04404145077720207
6 0.54248046875 0.3024611398963731 0.0537109375 0.02072538860103627
2 0.435546875 0.24740932642487046 0.025390625 0.06735751295336788
11 0.6181640625 0.45142487046632124 0.025390625 0.033031088082901554
3 0.388671875 0.5187823834196891 0.12060546875 0.03756476683937824
6 0.51806640625 0.4889896373056995 0.03173828125 0.06411917098445596
2 0.44482421875 0.4164507772020725 0.04150390625 0.05958549222797927
4 0.671875 0.33419689119170987 0.0302734375 0.046632124352331605
0 0.40869140625 0.27979274611398963 0.0361328125 0.09715025906735751
3 0.49169921875 0.7351036269430051 0.12158203125 0.027849740932642485
1 0.77880859375 0.422279792746114 0.029296875 0.03562176165803109
9 0.52197265625 0.36593264248704666 0.021484375 0.027849740932642485
6 0.44384765625 0.28756476683937826 0.05419921875 0.03367875647668394
7 0.32470703125 0.6185233160621761 0.0498046875 0.06088082901554404
13 0.3330078125 0.6560880829015544 0.02880859375 0.033031088082901554
12 0.54150390625 0.37629533678756477 0.02734375 0.042746113989637305
12 0.3251953125 0.6120466321243523 0.029296875 0.033031088082901554
10 0.8232421875 0.5848445595854922 0.025390625 0.021373056994818652