5 0.53759765625 0.6411917098445595 0.04931640625 0.05829015544041451
5 0.62255859375 0.21373056994818654 0.02197265625 0.0900259067357513
13 0.607421875 0.2765544041450777 0.01318359375 0.04209844559585492
10 0.2978515625 0.43523316062176165 0.021484375 0.03173575129533679
12 0.388671875 0.1716321243523316 0.02685546875 0.03044041450777202
8 0.50634765625 0.9047927461139896 0.0439453125 0.048575129533678756
7 0.40185546875 0.5207253886010362 0.01904296875 0.06800518134715026
4 0.58837890625 0.29404145077720206 0.02685546875 0.04922279792746114
9 0.47509765625 0.582901554404145 0.01904296875 0.025259067357512953
7 0.59228515625 0.25777202072538863 0.02392578125 0.0705958549222798
5 0.630859375 0.49352331606217614 0.08642578125 0.038860103626943004
6 0.3193359375 0.211139896373057 0.04931640625 0.019430051813471502
6 0.40185546875 0.42422279792746115 0.03125 0.06152849740932642
5 0.587890625 0.5272020725388601 0.07958984375 0.025259067357512953
8 0.41943359375 0.43911917098445596 0.0185546875 0.06088082901554404
3 0.458984375 0.41580310880829013 0.1103515625 0.05893782383419689
13 0.5810546875 0.6133419689119171 0.02978515625 0.01878238341968912
8 0.66552734375 0.37176165803108807 0.025390625 0.05829015544041451
0 0.64453125 0.3853626943005181 0.037109375 0.09844559585492228
8 0.60595703125 0.23898963730569947 0.029296875 0.05699481865284974
13 0.49267578125 0.4838082901554404 0.02294921875 0.036917098445595854
1 0.43359375 0.358160621761658 0.02685546875 0.03432642487046632
7 0.68212890625 0.34974093264248707 0.03466796875 0.07124352331606218
11 0.44482421875 0.5323834196891192 0.02783203125 0.033031088082901554
0 0.48193359375 0.40867875647668395 0.08251953125 0.04015544041450777
0 0.35009765625 0.18588082901554404 0.07666015625 0.034974093264248704
11 0.5703125 0.5408031088082902 0.02587890625 0.036917098445595854
1 0.38037109375 0.37629533678756477 0.025390625 0.03367875647668394
7 0.70703125 0.4734455958549223 0.0498046875 0.031088082901554404
13 0.41259765625 0.7422279792746114 0.02880859375 0.02266839378238342
1 0.65966796875 0.4585492227979275 0.02783203125 0.03432642487046632
11 0.36474609375 0.36139896373056996 0.02783203125 0.029792746113989636
10 0.48974609375 0.22474093264248704 0.0224609375 0.029792746113989636
3 0.47119140625 0.6683937823834197 0.1201171875 0.036917098445595854
11 0.38818359375 0.5006476683937824 0.0205078125 0.04209844559585492
1 0.44775390625 0.5634715025906736 0.0244140625 0.03238341968911917
4 0.68896484375 0.3128238341968912 0.0234375 0.05829015544041451
2 0.56494140625 0.24417098445595856 0.0439453125 0.05893782383419689
0 0.62109375 0.3957253886010363 0.05859375 0.08160621761658031
3 0.32373046875 0.3536269430051813 0.0263671875 0.15997409326424872
3 0.51171875 0.3788860103626943 0.11572265625 0.05958549222797927
6 0.611328125 0.3180051813471503 0.02685546875 0.06606217616580311
2 0.65625 0.8588082901554405 0.0185546875 0.0667098445595855
2 0.576171875 0.49870466321243523 0.05078125 0.03238341968911917
4 0.53955078125 0.5926165803108808 0.03173828125 0.050518134715025906
4 0.5478515625 0.5395077720207254 0.02587890625 0.04792746113989637
2 0.3603515625 0.20142487046632124 0.052734375 0.03238341968911917
12 0.46728515625 0.6101036269430051 0.02490234375 0.04339378238341969
12 0.3984375 0.4637305699481865 0.0146484375 0.04209844559585492
9 0.65283203125 0.508419689119171 0.0244140625 0.03432642487046632
9 0.6982421875 0.3393782383419689 0.0263671875 0.02849740932642487
9 0.5400390625 0.5025906735751295 0.0205078125 0.023963730569948185
12 0.59619140625 0.2655440414507772 0.015625 0.03756476683937824
10 0.619140625 0.9669689119170984 0.0244140625 0.02461139896373057
10 0.392578125 0.7318652849740933 0.02490234375 0.02461139896373057