3 0.4697265625 0.7823834196891192 0.0732421875 0.13924870466321243
8 0.28125 0.658678756476684 0.03955078125 0.05116580310880829
7 0.4814453125 0.5291450777202072 0.05126953125 0.054404145077720206
5 0.46435546875 0.14443005181347152 0.07421875 0.03821243523316062
5 0.45849609375 0.23704663212435234 0.03515625 0.0939119170984456
5 0.44287109375 0.2545336787564767 0.029296875 0.10621761658031088
13 0.46044921875 0.5841968911917098 0.0166015625 0.04145077720207254
1 0.31689453125 0.3076424870466321 0.02685546875 0.03432642487046632
9 0.46435546875 0.6865284974093264 0.01708984375 0.02849740932642487
7 0.5869140625 0.30375647668393785 0.05712890625 0.02266839378238342
8 0.4091796875 0.2707253886010363 0.03466796875 0.05505181347150259
12 0.36328125 0.23704663212435234 0.01806640625 0.04145077720207254
8 0.40087890625 0.2344559585492228 0.04150390625 0.04209844559585492
10 0.49365234375 0.7869170984455959 0.02587890625 0.01878238341968912
13 0.37548828125 0.5097150259067358 0.03515625 0.023963730569948185
6 0.44921875 0.5440414507772021 0.0205078125 0.08160621761658031
10 0.45556640625 0.3387305699481865 0.01513671875 0.033031088082901554
13 0.54345703125 0.32577720207253885 0.0146484375 0.04145077720207254
7 0.36181640625 0.6230569948186528 0.02587890625 0.06994818652849741
4 0.13671875 0.6262953367875648 0.02294921875 0.04987046632124352
4 0.1796875 0.5446891191709845 0.03466796875 0.04145077720207254
11 0.5576171875 0.297279792746114 0.01806640625 0.04209844559585492
7 0.41259765625 0.6742227979274611 0.05517578125 0.027849740932642485
12 0.24755859375 0.5712435233160622 0.03173828125 0.023316062176165803
1 0.40234375 0.21696891191709844 0.0302734375 0.03756476683937824
2 0.5380859375 0.6159326424870466 0.02490234375 0.06800518134715026
4 0.361328125 0.47733160621761656 0.01611328125 0.050518134715025906
1 0.36328125 0.1955958549222798 0.0263671875 0.03173575129533679
11 0.58056640625 0.327720207253886 0.0185546875 0.042746113989637305
11 0.48291015625 0.28886010362694303 0.02099609375 0.03950777202072539
10 0.55712890625 0.6126943005181347 0.02734375 0.027202072538860103
3 0.47412109375 0.24481865284974094 0.119140625 0.04922279792746114
0 0.44677734375 0.658678756476684 0.0751953125 0.050518134715025906
8 0.52001953125 0.7577720207253886 0.04296875 0.05375647668393782
2 0.5224609375 0.6126943005181347 0.02587890625 0.0667098445595855
1 0.38134765625 0.7001295336787565 0.0322265625 0.044689119170984455
2 0.14111328125 0.5485751295336787 0.0341796875 0.056347150259067356
4 0.271484375 0.6224093264248705 0.03173828125 0.04533678756476684
9 0.4912109375 0.7066062176165803 0.01953125 0.03044041450777202
11 0.5419921875 0.47085492227979275 0.02197265625 0.03821243523316062
6 0.4931640625 0.6768134715025906 0.0400390625 0.06023316062176166
0 0.26611328125 0.29857512953367876 0.06689453125 0.06411917098445596
6 0.734375 0.5291450777202072 0.03466796875 0.06088082901554404
3 0.193359375 0.594559585492228 0.10302734375 0.0977979274611399
3 0.40771484375 0.6172279792746114 0.11376953125 0.06735751295336788
6 0.4755859375 0.5647668393782384 0.0205078125 0.0705958549222798
2 0.22998046875 0.6476683937823834 0.0439453125 0.05375647668393782
0 0.787109375 0.7150259067357513 0.033203125 0.09261658031088082
0 0.64111328125 0.7571243523316062 0.05029296875 0.09132124352331607
5 0.29931640625 0.31411917098445596 0.0625 0.06735751295336788
13 0.294921875 0.6897668393782384 0.03076171875 0.04209844559585492
9 0.51416015625 0.5369170984455959 0.02294921875 0.044689119170984455
12 0.37841796875 0.24676165803108807 0.0224609375 0.033031088082901554
12 0.37890625 0.6256476683937824 0.02197265625 0.046632124352331605
10 0.44921875 0.23186528497409326 0.01904296875 0.03626943005181347