8 0.23681640625 0.5433937823834197 0.02734375 0.05893782383419689
5 0.23486328125 0.3555699481865285 0.0673828125 0.050518134715025906
9 0.63037109375 0.569300518134715 0.0205078125 0.025259067357512953
12 0.6259765625 0.39378238341968913 0.0263671875 0.03367875647668394
13 0.30859375 0.6962435233160622 0.01708984375 0.036917098445595854
12 0.65625 0.49417098445595853 0.017578125 0.04727979274611399
7 0.6884765625 0.5038860103626943 0.03515625 0.05569948186528497
1 0.267578125 0.602979274611399 0.02490234375 0.03562176165803109
8 0.23193359375 0.569300518134715 0.04345703125 0.05569948186528497
12 0.30078125 0.6126943005181347 0.03076171875 0.027849740932642485
13 0.533203125 0.9080310880829016 0.01953125 0.036917098445595854
11 0.6572265625 0.5187823834196891 0.0234375 0.02655440414507772
12 0.58935546875 0.38471502590673573 0.0166015625 0.048575129533678756
4 0.61572265625 0.37629533678756477 0.03955078125 0.031088082901554404
11 0.2705078125 0.4067357512953368 0.02880859375 0.019430051813471502
7 0.24609375 0.4494818652849741 0.02587890625 0.06541450777202072
4 0.26318359375 0.5537564766839378 0.03759765625 0.033031088082901554
4 0.61962890625 0.719559585492228 0.015625 0.05569948186528497
6 0.3857421875 0.7215025906735751 0.03564453125 0.03562176165803109
7 0.66650390625 0.22150259067357514 0.04443359375 0.056347150259067356
10 0.21142578125 0.3121761658031088 0.021484375 0.03173575129533679
9 0.65625 0.4112694300518135 0.0224609375 0.023316062176165803
5 0.5390625 0.7966321243523317 0.06005859375 0.07383419689119171
13 0.38134765625 0.5310880829015544 0.02099609375 0.03367875647668394
7 0.66650390625 0.49222797927461137 0.01708984375 0.07901554404145078
5 0.6806640625 0.3626943005181347 0.0263671875 0.09909326424870467
3 0.6953125 0.41321243523316065 0.01904296875 0.16515544041450778
6 0.28857421875 0.37629533678756477 0.0537109375 0.025906735751295335
6 0.2763671875 0.6450777202072538 0.04345703125 0.046632124352331605
13 0.69775390625 0.3121761658031088 0.02197265625 0.03367875647668394
1 0.478515625 0.34650259067357514 0.03076171875 0.042746113989637305
5 0.5849609375 0.7739637305699482 0.072265625 0.06152849740932642
11 0.396484375 0.7597150259067358 0.0244140625 0.03044041450777202
0 0.400390625 0.6994818652849741 0.0673828125 0.06541450777202072
1 0.4931640625 0.15220207253886012 0.0263671875 0.03950777202072539
2 0.26611328125 0.4799222797927461 0.03955078125 0.06088082901554404
6 0.6513671875 0.711139896373057 0.04541015625 0.052461139896373056
3 0.4912109375 0.9378238341968912 0.0888671875 0.1211139896373057
10 0.31640625 0.13147668393782383 0.01708984375 0.03173575129533679
10 0.36083984375 0.5369170984455959 0.01611328125 0.036917098445595854
2 0.708984375 0.23186528497409326 0.0263671875 0.06541450777202072
8 0.61328125 0.6560880829015544 0.04150390625 0.05375647668393782
3 0.45703125 0.5544041450777202 0.11865234375 0.04987046632124352
2 0.646484375 0.38147668393782386 0.0361328125 0.06735751295336788
3 0.4072265625 0.508419689119171 0.1142578125 0.06476683937823834
4 0.62451171875 0.4799222797927461 0.0322265625 0.04727979274611399
0 0.3359375 0.6930051813471503 0.03662109375 0.09585492227979274
0 0.6064453125 0.47538860103626945 0.05859375 0.08484455958549222
2 0.6533203125 0.25194300518134716 0.0478515625 0.046632124352331605
0 0.62548828125 0.7992227979274611 0.06689453125 0.06865284974093264
11 0.658203125 0.3439119170984456 0.02587890625 0.03562176165803109
1 0.22607421875 0.5699481865284974 0.02685546875 0.03432642487046632
9 0.65185546875 0.45077720207253885 0.0205078125 0.023316062176165803
8 0.62548828125 0.7117875647668394 0.0166015625 0.06930051813471502
9 0.283203125 0.6101036269430051 0.01953125 0.027202072538860103
10 0.66162109375 0.5518134715025906 0.0185546875 0.03367875647668394