9 0.2802734375 0.20919689119170984 0.01806640625 0.03173575129533679
7 0.560546875 0.22927461139896374 0.0166015625 0.07318652849740932
4 0.5830078125 0.241580310880829 0.0439453125 0.023316062176165803
13 0.40283203125 0.7338082901554405 0.02734375 0.023963730569948185
9 0.5693359375 0.2182642487046632 0.0234375 0.027202072538860103
7 0.583984375 0.49287564766839376 0.05029296875 0.04145077720207254
10 0.396484375 0.5932642487046632 0.02490234375 0.020077720207253884
8 0.51220703125 0.2422279792746114 0.0322265625 0.06347150259067358
10 0.1484375 0.34196891191709844 0.0185546875 0.03173575129533679
13 0.232421875 0.24417098445595856 0.01806640625 0.03562176165803109
9 0.35546875 0.6988341968911918 0.02392578125 0.023316062176165803
5 0.18359375 0.5123056994818653 0.03857421875 0.08873056994818652
13 0.26318359375 0.6126943005181347 0.017578125 0.023316062176165803
8 0.58984375 0.44624352331606215 0.05126953125 0.02461139896373057
11 0.27783203125 0.6768134715025906 0.0185546875 0.04727979274611399
9 0.1943359375 0.39378238341968913 0.01708984375 0.029145077720207253
4 0.197265625 0.49158031088082904 0.03564453125 0.03756476683937824
5 0.65771484375 0.5382124352331606 0.02978515625 0.09974093264248704
6 0.44921875 0.594559585492228 0.05322265625 0.033031088082901554
13 0.59423828125 0.3698186528497409 0.0244140625 0.03173575129533679
10 0.4541015625 0.6120466321243523 0.0244140625 0.023316062176165803
5 0.48828125 0.24481865284974094 0.02294921875 0.09261658031088082
1 0.33837890625 0.7461139896373057 0.0244140625 0.034974093264248704
12 0.27587890625 0.6437823834196891 0.02294921875 0.04015544041450777
5 0.302734375 0.38277202072538863 0.0673828125 0.05310880829015544
11 0.43017578125 0.591321243523316 0.02734375 0.031088082901554404
11 0.19873046875 0.3089378238341969 0.0302734375 0.027202072538860103
7 0.48828125 0.14572538860103626 0.05419921875 0.029792746113989636
1 0.5859375 0.633419689119171 0.02783203125 0.034974093264248704
6 0.57275390625 0.4099740932642487 0.04931640625 0.038860103626943004
3 0.56396484375 0.6664507772020726 0.11962890625 0.046632124352331605
11 0.5751953125 0.5738341968911918 0.02734375 0.03562176165803109
2 0.36181640625 0.1483160621761658 0.0517578125 0.04987046632124352
2 0.6123046875 0.5841968911917098 0.05078125 0.02266839378238342
1 0.55322265625 0.5472797927461139 0.03271484375 0.040803108808290155
10 0.57958984375 0.6981865284974094 0.0234375 0.027849740932642485
8 0.29296875 0.6722797927461139 0.0234375 0.06282383419689119
4 0.615234375 0.5045336787564767 0.0205078125 0.05116580310880829
0 0.6708984375 0.7072538860103627 0.076171875 0.029145077720207253
1 0.4970703125 0.20790155440414507 0.0283203125 0.036917098445595854
8 0.1484375 0.46178756476683935 0.03515625 0.05505181347150259
2 0.640625 0.5427461139896373 0.03564453125 0.06023316062176166
0 0.177734375 0.44624352331606215 0.01708984375 0.09909326424870467
6 0.48095703125 0.6295336787564767 0.05224609375 0.021373056994818652
0 0.515625 0.3024611398963731 0.07568359375 0.04339378238341969
7 0.4248046875 0.6930051813471503 0.0478515625 0.046632124352331605
3 0.36328125 0.34650259067357514 0.06298828125 0.1405440414507772
0 0.37939453125 0.2759067357512953 0.07666015625 0.048575129533678756
3 0.29296875 0.8005181347150259 0.11083984375 0.0900259067357513
2 0.1923828125 0.25129533678756477 0.03369140625 0.06088082901554404
3 0.345703125 0.5816062176165803 0.111328125 0.07772020725388601
6 0.76806640625 0.6437823834196891 0.0322265625 0.06088082901554404
12 0.59912109375 0.3471502590673575 0.03759765625 0.027202072538860103
4 0.19677734375 0.29080310880829013 0.0458984375 0.029792746113989636
12 0.32373046875 0.7597150259067358 0.02685546875 0.042746113989637305
12 0.64111328125 0.4876943005181347 0.0205078125 0.04987046632124352