8 0.50244140625 0.9028497409326425 0.0400390625 0.05116580310880829
7 0.69580078125 0.2927461139896373 0.01708984375 0.07189119170984457
13 0.5654296875 0.9546632124352331 0.0146484375 0.04015544041450777
9 0.43505859375 0.37370466321243523 0.02490234375 0.023963730569948185
5 0.6923828125 0.3950777202072539 0.0791015625 0.027849740932642485
9 0.44970703125 0.7849740932642487 0.0185546875 0.02461139896373057
3 0.44091796875 0.6800518134715026 0.0166015625 0.16256476683937823
4 0.462890625 0.3950777202072539 0.04150390625 0.02266839378238342
9 0.62353515625 0.4073834196891192 0.0166015625 0.033031088082901554
13 0.39697265625 0.7325129533678757 0.0234375 0.031088082901554404
12 0.42822265625 0.5272020725388601 0.01953125 0.04339378238341969
10 0.49560546875 0.41386010362694303 0.02392578125 0.031088082901554404
13 0.5068359375 0.7053108808290155 0.0185546875 0.03626943005181347
5 0.23583984375 0.3555699481865285 0.06689453125 0.050518134715025906
6 0.41064453125 0.707901554404145 0.029296875 0.06282383419689119
12 0.49853515625 0.2849740932642487 0.033203125 0.01878238341968912
8 0.73974609375 0.41904145077720206 0.01611328125 0.06735751295336788
11 0.46484375 0.6489637305699482 0.01904296875 0.03626943005181347
11 0.638671875 0.4740932642487047 0.02734375 0.034974093264248704
6 0.29052734375 0.4255181347150259 0.05322265625 0.017487046632124352
7 0.37890625 0.6593264248704663 0.01806640625 0.07901554404145078
11 0.28076171875 0.4488341968911917 0.025390625 0.03432642487046632
4 0.6728515625 0.31023316062176165 0.03662109375 0.03756476683937824
5 0.4638671875 0.7895077720207254 0.01416015625 0.10621761658031088
6 0.634765625 0.6113989637305699 0.0458984375 0.038860103626943004
7 0.26318359375 0.4488341968911917 0.015625 0.07512953367875648
11 0.6875 0.37370466321243523 0.0234375 0.038860103626943004
13 0.79248046875 0.5006476683937824 0.02197265625 0.03562176165803109
5 0.74951171875 0.38277202072538863 0.05029296875 0.08484455958549222
6 0.54736328125 0.9630829015544041 0.0478515625 0.036917098445595854
1 0.376953125 0.6593264248704663 0.0283203125 0.038860103626943004
2 0.7490234375 0.358160621761658 0.03662109375 0.06282383419689119
0 0.66357421875 0.944300518134715 0.0712890625 0.038860103626943004
1 0.4931640625 0.15284974093264247 0.0263671875 0.03821243523316062
1 0.2939453125 0.29404145077720206 0.02978515625 0.038860103626943004
0 0.4833984375 0.8575129533678757 0.06982421875 0.05116580310880829
10 0.21142578125 0.3128238341968912 0.021484375 0.03173575129533679
2 0.6875 0.34520725388601037 0.0498046875 0.03367875647668394
10 0.3154296875 0.13082901554404144 0.017578125 0.03238341968911917
12 0.384765625 0.7130829015544041 0.02001953125 0.046632124352331605
3 0.48681640625 0.7253886010362695 0.03662109375 0.15932642487046633
2 0.45751953125 0.5984455958549223 0.02294921875 0.07253886010362694
4 0.58349609375 0.3633419689119171 0.0166015625 0.05569948186528497
2 0.4072265625 0.5835492227979274 0.0244140625 0.06800518134715026
3 0.59423828125 0.4896373056994819 0.1220703125 0.03238341968911917
0 0.6533203125 0.6496113989637305 0.037109375 0.09715025906735751
3 0.654296875 0.5317357512953368 0.064453125 0.14961139896373057
0 0.50732421875 0.3756476683937824 0.06005859375 0.08549222797927461
1 0.455078125 0.7066062176165803 0.0263671875 0.03626943005181347
4 0.40966796875 0.6243523316062176 0.04052734375 0.036917098445595854
7 0.6748046875 0.4099740932642487 0.05810546875 0.023316062176165803
8 0.3662109375 0.8393782383419689 0.015625 0.06865284974093264
12 0.7294921875 0.38212435233160624 0.013671875 0.04404145077720207
10 0.42724609375 0.6463730569948186 0.025390625 0.02461139896373057
8 0.45263671875 0.6547927461139896 0.017578125 0.06930051813471502
9 0.5556640625 0.4164507772020725 0.017578125 0.031088082901554404