3 0.70166015625 0.35233160621761656 0.09765625 0.12176165803108809
6 0.52490234375 0.8283678756476683 0.05224609375 0.03238341968911917
9 0.48974609375 0.7817357512953368 0.02197265625 0.02266839378238342
8 0.44873046875 0.35168393782383417 0.015625 0.06606217616580311
5 0.5107421875 0.25647668393782386 0.07421875 0.036917098445595854
12 0.68701171875 0.3905440414507772 0.0234375 0.038860103626943004
10 0.5126953125 0.8180051813471503 0.02783203125 0.020077720207253884
4 0.556640625 0.28432642487046633 0.04150390625 0.020077720207253884
8 0.4912109375 0.5550518134715026 0.03125 0.06282383419689119
9 0.60498046875 0.7661917098445595 0.02001953125 0.02461139896373057
8 0.75537109375 0.3167098445595855 0.021484375 0.06541450777202072
11 0.56640625 0.6852331606217616 0.02783203125 0.02266839378238342
7 0.59814453125 0.4488341968911917 0.05322265625 0.03173575129533679
13 0.6640625 0.46113989637305697 0.0205078125 0.03562176165803109
12 0.55712890625 0.21955958549222798 0.03125 0.02849740932642487
8 0.7685546875 0.49287564766839376 0.01806640625 0.06800518134715026
6 0.51171875 0.7946891191709845 0.05078125 0.03367875647668394
7 0.6376953125 0.7422279792746114 0.05126953125 0.029145077720207253
9 0.505859375 0.6522020725388601 0.0146484375 0.017487046632124352
7 0.7216796875 0.5952072538860104 0.0458984375 0.056347150259067356
0 0.69482421875 0.5816062176165803 0.06494140625 0.06411917098445596
5 0.51123046875 0.3432642487046632 0.0263671875 0.09844559585492228
1 0.47900390625 0.4417098445595855 0.03076171875 0.03367875647668394
5 0.49169921875 0.33613989637305697 0.0439453125 0.09326424870466321
13 0.61279296875 0.4585492227979275 0.029296875 0.01878238341968912
10 0.5 0.266839378238342 0.0263671875 0.02266839378238342
10 0.3955078125 0.3231865284974093 0.029296875 0.023316062176165803
7 0.341796875 0.39702072538860106 0.056640625 0.031088082901554404
5 0.62255859375 0.21437823834196892 0.07177734375 0.03238341968911917
4 0.60009765625 0.1645077720207254 0.03125 0.05699481865284974
1 0.52587890625 0.23769430051813473 0.0283203125 0.04145077720207254
6 0.5771484375 0.7240932642487047 0.02685546875 0.06347150259067358
0 0.671875 0.41580310880829013 0.08154296875 0.02266839378238342
0 0.57470703125 0.19106217616580312 0.0751953125 0.019430051813471502
11 0.34619140625 0.7066062176165803 0.02587890625 0.03432642487046632
0 0.7021484375 0.6878238341968912 0.078125 0.02266839378238342
1 0.42724609375 0.5880829015544041 0.0302734375 0.046632124352331605
13 0.35400390625 0.5136010362694301 0.03173828125 0.02461139896373057
3 0.470703125 0.39766839378238344 0.07568359375 0.12953367875647667
11 0.4736328125 0.5395077720207254 0.01904296875 0.04015544041450777
4 0.8173828125 0.2817357512953368 0.0341796875 0.036917098445595854
10 0.62939453125 0.6146373056994818 0.02734375 0.021373056994818652
2 0.36767578125 0.7312176165803109 0.02294921875 0.06476683937823834
1 0.6845703125 0.4430051813471503 0.02880859375 0.03950777202072539
3 0.71923828125 0.5168393782383419 0.09619140625 0.09261658031088082
3 0.66064453125 0.538860103626943 0.07568359375 0.14572538860103626
6 0.673828125 0.6340673575129534 0.0517578125 0.034974093264248704
2 0.41552734375 0.7454663212435233 0.04052734375 0.05958549222797927
13 0.556640625 0.7066062176165803 0.021484375 0.03756476683937824
2 0.6201171875 0.586139896373057 0.04150390625 0.05699481865284974
11 0.35400390625 0.4112694300518135 0.0302734375 0.023963730569948185
9 0.65771484375 0.5848445595854922 0.02392578125 0.038860103626943004
12 0.68896484375 0.5939119170984456 0.03173828125 0.03432642487046632
12 0.669921875 0.5809585492227979 0.0205078125 0.025259067357512953
4 0.54541015625 0.6450777202072538 0.01318359375 0.05310880829015544