10 0.5126953125 0.4799222797927461 0.02490234375 0.020077720207253884
3 0.3037109375 0.4022020725388601 0.10498046875 0.10492227979274611
4 0.25537109375 0.45984455958549225 0.0390625 0.025906735751295335
13 0.52197265625 0.34650259067357514 0.02783203125 0.021373056994818652
12 0.54248046875 0.20401554404145078 0.0185546875 0.040803108808290155
7 0.42919921875 0.4689119170984456 0.04736328125 0.05505181347150259
12 0.60205078125 0.5841968911917098 0.0361328125 0.022020725388601035
13 0.388671875 0.7124352331606217 0.0283203125 0.027202072538860103
9 0.46484375 0.4164507772020725 0.0166015625 0.027202072538860103
8 0.6142578125 0.25129533678756477 0.04541015625 0.03950777202072539
10 0.18115234375 0.4643782383419689 0.0205078125 0.031088082901554404
4 0.60595703125 0.3160621761658031 0.0205078125 0.054404145077720206
13 0.4599609375 0.3944300518134715 0.02783203125 0.019430051813471502
4 0.6044921875 0.28886010362694303 0.0263671875 0.052461139896373056
8 0.58642578125 0.2772020725388601 0.0263671875 0.06282383419689119
13 0.486328125 0.4954663212435233 0.02197265625 0.033031088082901554
8 0.2626953125 0.48251295336787564 0.05029296875 0.027202072538860103
9 0.2421875 0.530440414507772 0.01708984375 0.031088082901554404
10 0.5234375 0.5848445595854922 0.02880859375 0.02072538860103627
5 0.26708984375 0.375 0.0732421875 0.014896373056994818
7 0.525390625 0.21632124352331605 0.0419921875 0.05375647668393782
1 0.494140625 0.5718911917098446 0.0244140625 0.03562176165803109
12 0.7021484375 0.4119170984455959 0.02294921875 0.036917098445595854
11 0.47119140625 0.6224093264248705 0.0224609375 0.03173575129533679
7 0.404296875 0.25323834196891193 0.05029296875 0.036917098445595854
9 0.58642578125 0.3426165803108808 0.01708984375 0.031088082901554404
9 0.30615234375 0.9332901554404145 0.021484375 0.025259067357512953
1 0.56494140625 0.2713730569948187 0.02880859375 0.03756476683937824
11 0.4814453125 0.6463730569948186 0.03173828125 0.027849740932642485
11 0.2080078125 0.4650259067357513 0.02392578125 0.03821243523316062
3 0.47998046875 0.3898963730569948 0.01806640625 0.16191709844559585
5 0.51025390625 0.5783678756476683 0.01806640625 0.10362694300518134
11 0.572265625 0.47668393782383417 0.02197265625 0.04015544041450777
8 0.37890625 0.6353626943005182 0.0283203125 0.06476683937823834
10 0.546875 0.6489637305699482 0.02734375 0.022020725388601035
0 0.55517578125 0.172279792746114 0.0791015625 0.02266839378238342
5 0.45361328125 0.25841968911917096 0.0673828125 0.05893782383419689
6 0.34033203125 0.4060880829015544 0.05419921875 0.025259067357512953
5 0.7177734375 0.39702072538860106 0.06787109375 0.05958549222797927
2 0.1484375 0.12953367875647667 0.0234375 0.06347150259067358
6 0.51416015625 0.3898963730569948 0.029296875 0.0667098445595855
7 0.259765625 0.3329015544041451 0.02099609375 0.06800518134715026
1 0.568359375 0.38147668393782386 0.0263671875 0.03756476683937824
0 0.44189453125 0.6107512953367875 0.046875 0.09326424870466321
2 0.26171875 0.5 0.05029296875 0.03821243523316062
6 0.52001953125 0.33419689119170987 0.0478515625 0.03756476683937824
6 0.36279296875 0.6340673575129534 0.01904296875 0.06735751295336788
1 0.53369140625 0.45077720207253885 0.02978515625 0.04339378238341969
2 0.568359375 0.3225388601036269 0.048828125 0.033031088082901554
2 0.64697265625 0.4170984455958549 0.0458984375 0.05505181347150259
0 0.21044921875 0.43523316062176165 0.0625 0.07124352331606218
3 0.4345703125 0.3801813471502591 0.0361328125 0.15867875647668395
12 0.3564453125 0.3626943005181347 0.015625 0.044689119170984455
3 0.53662109375 0.25194300518134716 0.1162109375 0.034974093264248704
4 0.4375 0.26813471502590674 0.02392578125 0.04922279792746114