10 0.431640625 0.8037564766839378 0.0146484375 0.03367875647668394
9 0.36962890625 0.25971502590673573 0.01806640625 0.023316062176165803
12 0.29833984375 0.5038860103626943 0.0302734375 0.027202072538860103
12 0.63720703125 0.48639896373056996 0.0185546875 0.04339378238341969
7 0.4267578125 0.7564766839378239 0.03369140625 0.06994818652849741
4 0.27197265625 0.3542746113989637 0.02392578125 0.05116580310880829
13 0.39111328125 0.7357512953367875 0.03125 0.02655440414507772
9 0.263671875 0.33678756476683935 0.0146484375 0.029792746113989636
12 0.6005859375 0.3490932642487047 0.033203125 0.019430051813471502
5 0.49462890625 0.27396373056994816 0.0126953125 0.09455958549222798
4 0.6083984375 0.5673575129533679 0.0380859375 0.034974093264248704
13 0.29541015625 0.7072538860103627 0.0224609375 0.03562176165803109
1 0.3154296875 0.7117875647668394 0.02294921875 0.03238341968911917
9 0.58740234375 0.22085492227979275 0.0166015625 0.03044041450777202
7 0.4892578125 0.13536269430051814 0.05322265625 0.02072538860103627
7 0.5576171875 0.20790155440414507 0.01220703125 0.06930051813471502
10 0.1484375 0.36917098445595853 0.02587890625 0.027202072538860103
13 0.32568359375 0.5796632124352331 0.0185546875 0.04209844559585492
8 0.5224609375 0.3018134715025907 0.05517578125 0.02266839378238342
11 0.38916015625 0.7506476683937824 0.029296875 0.022020725388601035
7 0.44580078125 0.34520725388601037 0.02001953125 0.06735751295336788
6 0.427734375 0.7409326424870466 0.0361328125 0.05893782383419689
4 0.5830078125 0.24352331606217617 0.04248046875 0.02266839378238342
5 0.6396484375 0.533678756476684 0.03466796875 0.09909326424870467
6 0.63818359375 0.5803108808290155 0.037109375 0.05893782383419689
8 0.2763671875 0.6580310880829016 0.04736328125 0.02849740932642487
11 0.28662109375 0.3471502590673575 0.01708984375 0.04145077720207254
1 0.396484375 0.6379533678756477 0.0263671875 0.034974093264248704
2 0.46533203125 0.35168393782383417 0.0322265625 0.0705958549222798
0 0.48583984375 0.33031088082901555 0.0751953125 0.04792746113989637
1 0.48876953125 0.15479274611398963 0.02734375 0.03367875647668394
3 0.333984375 0.560880829015544 0.0478515625 0.15414507772020725
3 0.4306640625 0.6768134715025906 0.12158203125 0.027849740932642485
13 0.59423828125 0.3704663212435233 0.0244140625 0.03238341968911917
1 0.38720703125 0.6023316062176166 0.02978515625 0.040803108808290155
4 0.1708984375 0.4876943005181347 0.03466796875 0.03173575129533679
6 0.4755859375 0.7784974093264249 0.048828125 0.04339378238341969
0 0.537109375 0.37823834196891193 0.07861328125 0.03367875647668394
11 0.32568359375 0.689119170984456 0.025390625 0.033031088082901554
11 0.54296875 0.44494818652849744 0.03271484375 0.029145077720207253
3 0.21142578125 0.555699481865285 0.0205078125 0.15932642487046633
2 0.5908203125 0.4954663212435233 0.025390625 0.0667098445595855
0 0.17431640625 0.36787564766839376 0.05224609375 0.0900259067357513
2 0.38671875 0.2914507772020725 0.05078125 0.046632124352331605
3 0.34814453125 0.663860103626943 0.0849609375 0.13536269430051814
0 0.5859375 0.6437823834196891 0.07861328125 0.034974093264248704
2 0.6171875 0.5051813471502591 0.0322265625 0.06476683937823834
9 0.2998046875 0.7247409326424871 0.01708984375 0.027849740932642485
5 0.2568359375 0.5803108808290155 0.06591796875 0.06088082901554404
5 0.1513671875 0.4106217616580311 0.0361328125 0.06994818652849741
10 0.5361328125 0.6353626943005182 0.02587890625 0.036917098445595854
8 0.43994140625 0.3633419689119171 0.02978515625 0.0705958549222798
10 0.466796875 0.792098445595855 0.02001953125 0.029145077720207253