12 0.69970703125 0.3853626943005181 0.0244140625 0.03626943005181347
9 0.6767578125 0.25971502590673573 0.01953125 0.022020725388601035
7 0.73583984375 0.6819948186528497 0.0478515625 0.033031088082901554
4 0.44140625 0.31930051813471505 0.03759765625 0.03821243523316062
13 0.28759765625 0.33678756476683935 0.01513671875 0.03238341968911917
13 0.275390625 0.30958549222797926 0.0185546875 0.034974093264248704
9 0.31689453125 0.12823834196891193 0.0205078125 0.025906735751295335
12 0.310546875 0.7027202072538861 0.0146484375 0.04209844559585492
7 0.35302734375 0.7189119170984456 0.05419921875 0.023316062176165803
9 0.66943359375 0.2422279792746114 0.0205078125 0.022020725388601035
10 0.65087890625 0.17292746113989638 0.015625 0.036917098445595854
5 0.6337890625 0.20595854922279794 0.01220703125 0.1016839378238342
10 0.59716796875 0.26878238341968913 0.02392578125 0.02849740932642487
8 0.29248046875 0.20919689119170984 0.017578125 0.06800518134715026
8 0.58642578125 0.8678756476683938 0.01708984375 0.06606217616580311
4 0.6708984375 0.17033678756476683 0.01953125 0.052461139896373056
11 0.62255859375 0.6211139896373057 0.021484375 0.027202072538860103
10 0.58251953125 0.21243523316062177 0.017578125 0.025259067357512953
10 0.7294921875 0.6567357512953368 0.0205078125 0.027202072538860103
5 0.458984375 0.3743523316062176 0.03125 0.09650259067357513
11 0.43798828125 0.3471502590673575 0.0322265625 0.022020725388601035
6 0.25927734375 0.5634715025906736 0.03857421875 0.06411917098445596
7 0.33935546875 0.6865284974093264 0.0341796875 0.06217616580310881
12 0.2587890625 0.33484455958549225 0.01806640625 0.042746113989637305
6 0.61083984375 0.6211139896373057 0.03515625 0.06411917098445596
11 0.630859375 0.6081606217616581 0.03271484375 0.025906735751295335
12 0.69921875 0.2545336787564767 0.02880859375 0.029145077720207253
11 0.24169921875 0.5472797927461139 0.03125 0.022020725388601035
5 0.62890625 0.7480569948186528 0.06396484375 0.07189119170984457
8 0.3701171875 0.34974093264248707 0.0380859375 0.05829015544041451
1 0.390625 0.3756476683937824 0.025390625 0.03626943005181347
1 0.5888671875 0.24481865284974094 0.03076171875 0.04209844559585492
9 0.64208984375 0.3426165803108808 0.02294921875 0.02266839378238342
7 0.5380859375 0.3853626943005181 0.04248046875 0.05893782383419689
1 0.25146484375 0.2713730569948187 0.03173828125 0.04015544041450777
1 0.30322265625 0.3536269430051813 0.03076171875 0.03950777202072539
6 0.74169921875 0.6457253886010362 0.03857421875 0.05310880829015544
4 0.71044921875 0.344559585492228 0.03125 0.04209844559585492
4 0.2294921875 0.5200777202072538 0.0283203125 0.048575129533678756
6 0.2783203125 0.3704663212435233 0.0185546875 0.06606217616580311
2 0.71142578125 0.7603626943005182 0.04736328125 0.04987046632124352
0 0.56689453125 0.8005181347150259 0.078125 0.022020725388601035
2 0.47509765625 0.564119170984456 0.05078125 0.027202072538860103
0 0.3798828125 0.3018134715025907 0.05712890625 0.08354922279792747
0 0.29296875 0.5453367875647669 0.04931640625 0.0900259067357513
2 0.63232421875 0.13536269430051814 0.041015625 0.05829015544041451
3 0.6572265625 0.4170984455958549 0.0458984375 0.16062176165803108
3 0.62744140625 0.6910621761658031 0.07080078125 0.14766839378238342
3 0.6279296875 0.266839378238342 0.07763671875 0.13795336787564766
3 0.67822265625 0.6204663212435233 0.029296875 0.15997409326424872
2 0.3154296875 0.6729274611398963 0.03564453125 0.06411917098445596
0 0.31298828125 0.538860103626943 0.05224609375 0.08743523316062177
8 0.2724609375 0.5628238341968912 0.02734375 0.06347150259067358
13 0.29931640625 0.3069948186528497 0.02587890625 0.02655440414507772
13 0.2587890625 0.5479274611398963 0.01513671875 0.03626943005181347