0 0.67626953125 0.5440414507772021 0.06884765625 0.06476683937823834
5 0.46728515625 0.8737046632124352 0.07568359375 0.033031088082901554
5 0.56103515625 0.5226683937823834 0.068359375 0.06088082901554404
5 0.4208984375 0.533678756476684 0.07470703125 0.048575129533678756
8 0.74072265625 0.5667098445595855 0.03515625 0.05699481865284974
6 0.4404296875 0.2694300518134715 0.01953125 0.06865284974093264
9 0.5517578125 0.20207253886010362 0.02197265625 0.027849740932642485
9 0.7529296875 0.172279792746114 0.02001953125 0.02655440414507772
7 0.55859375 0.21437823834196892 0.0517578125 0.027202072538860103
10 0.55126953125 0.3011658031088083 0.0234375 0.03044041450777202
11 0.75537109375 0.6152849740932642 0.01611328125 0.033031088082901554
4 0.58349609375 0.6832901554404145 0.021484375 0.04987046632124352
13 0.83740234375 0.5485751295336787 0.021484375 0.03238341968911917
12 0.43212890625 0.8218911917098446 0.0166015625 0.03626943005181347
12 0.38330078125 0.2648963730569948 0.03173828125 0.020077720207253884
13 0.6748046875 0.32577720207253885 0.015625 0.03756476683937824
4 0.51953125 0.7629533678756477 0.041015625 0.019430051813471502
12 0.708984375 0.32966321243523317 0.0146484375 0.040803108808290155
10 0.84521484375 0.6729274611398963 0.0224609375 0.027849740932642485
7 0.41357421875 0.819300518134715 0.056640625 0.03367875647668394
10 0.36474609375 0.586139896373057 0.025390625 0.025259067357512953
5 0.3671875 0.6405440414507773 0.025390625 0.09650259067357513
8 0.6796875 0.5621761658031088 0.05224609375 0.029145077720207253
12 0.296875 0.6003886010362695 0.01708984375 0.04145077720207254
10 0.60498046875 0.1405440414507772 0.0224609375 0.02849740932642487
9 0.4931640625 0.41968911917098445 0.0205078125 0.029145077720207253
4 0.5703125 0.40414507772020725 0.04345703125 0.02266839378238342
13 0.62890625 0.37759067357512954 0.02978515625 0.021373056994818652
11 0.36376953125 0.28367875647668395 0.02294921875 0.03367875647668394
1 0.4541015625 0.17487046632124353 0.02734375 0.03821243523316062
1 0.44482421875 0.43458549222797926 0.02685546875 0.03432642487046632
11 0.39111328125 0.19689119170984457 0.0283203125 0.029792746113989636
11 0.404296875 0.21373056994818654 0.02880859375 0.02655440414507772
3 0.5009765625 0.852979274611399 0.1044921875 0.09520725388601037
3 0.41015625 0.7778497409326425 0.11328125 0.07642487046632124
6 0.72412109375 0.4229274611398964 0.029296875 0.06088082901554404
0 0.85546875 0.6191709844559585 0.041015625 0.021373056994818652
2 0.787109375 0.5893782383419689 0.04345703125 0.050518134715025906
2 0.48583984375 0.8847150259067358 0.05224609375 0.03950777202072539
3 0.70361328125 0.47085492227979275 0.0166015625 0.15997409326424872
6 0.8095703125 0.5576424870466321 0.0380859375 0.05505181347150259
8 0.46484375 0.6696891191709845 0.03466796875 0.05764248704663212
3 0.6630859375 0.42810880829015546 0.03857421875 0.15738341968911918
7 0.77978515625 0.7156735751295337 0.0341796875 0.05699481865284974
6 0.58740234375 0.38471502590673573 0.0390625 0.054404145077720206
2 0.36279296875 0.23575129533678757 0.04248046875 0.056347150259067356
1 0.435546875 0.7629533678756477 0.0283203125 0.034974093264248704
0 0.35986328125 0.7875647668393783 0.06884765625 0.06023316062176166
0 0.66015625 0.758419689119171 0.068359375 0.06541450777202072
2 0.4755859375 0.5148963730569949 0.03564453125 0.06411917098445596
1 0.56494140625 0.23251295336787564 0.02587890625 0.033031088082901554
13 0.45654296875 0.4475388601036269 0.0185546875 0.03562176165803109
8 0.513671875 0.7266839378238342 0.01513671875 0.06800518134715026
7 0.529296875 0.8976683937823834 0.05419921875 0.027849740932642485
4 0.326171875 0.7636010362694301 0.015625 0.054404145077720206
9 0.86572265625 0.6360103626943006 0.02001953125 0.020077720207253884