9 0.46826171875 0.9527202072538861 0.02099609375 0.027849740932642485
9 0.41943359375 0.5965025906735751 0.01904296875 0.03367875647668394
1 0.56005859375 0.7098445595854922 0.03857421875 0.04727979274611399
12 0.57568359375 0.2344559585492228 0.0322265625 0.02849740932642487
9 0.546875 0.6230569948186528 0.02001953125 0.029145077720207253
12 0.68115234375 0.5291450777202072 0.0146484375 0.044689119170984455
11 0.53173828125 0.8426165803108808 0.02587890625 0.03044041450777202
10 0.546875 0.8555699481865285 0.0244140625 0.02072538860103627
13 0.439453125 0.22862694300518135 0.017578125 0.040803108808290155
12 0.3662109375 0.2772020725388601 0.033203125 0.018134715025906734
12 0.31591796875 0.8581606217616581 0.02392578125 0.036917098445595854
8 0.62841796875 0.8290155440414507 0.0380859375 0.05699481865284974
8 0.51806640625 0.37240932642487046 0.02587890625 0.07124352331606218
7 0.6845703125 0.4721502590673575 0.05517578125 0.019430051813471502
11 0.39013671875 0.27914507772020725 0.02197265625 0.038860103626943004
7 0.75390625 0.569300518134715 0.01708984375 0.07189119170984457
10 0.556640625 0.327720207253886 0.02099609375 0.03367875647668394
3 0.49462890625 0.7908031088082902 0.0556640625 0.14702072538860103
10 0.501953125 0.24870466321243523 0.02490234375 0.02461139896373057
5 0.5400390625 0.40349740932642486 0.04052734375 0.09585492227979274
8 0.50439453125 0.8400259067357513 0.03076171875 0.06476683937823834
13 0.44384765625 0.8827720207253886 0.0283203125 0.021373056994818652
1 0.2890625 0.39313471502590674 0.02685546875 0.03756476683937824
1 0.46826171875 0.2927461139896373 0.02734375 0.036917098445595854
5 0.5107421875 0.26748704663212436 0.06640625 0.07383419689119171
0 0.48193359375 0.9753886010362695 0.05908203125 0.04598445595854922
1 0.5986328125 0.5317357512953368 0.03271484375 0.04404145077720207
4 0.6396484375 0.5900259067357513 0.03857421875 0.031088082901554404
13 0.2421875 0.832901554404145 0.01806640625 0.040803108808290155
8 0.59033203125 0.7156735751295337 0.04931640625 0.038860103626943004
11 0.37890625 0.37629533678756477 0.021484375 0.025906735751295335
6 0.35107421875 0.8905440414507773 0.052734375 0.021373056994818652
3 0.4697265625 0.7810880829015544 0.03564453125 0.15738341968911918
2 0.5478515625 0.7493523316062176 0.02001953125 0.06476683937823834
2 0.36279296875 0.24287564766839378 0.0419921875 0.05699481865284974
6 0.41943359375 0.42357512953367876 0.02099609375 0.06865284974093264
3 0.73291015625 0.5310880829015544 0.04736328125 0.1483160621761658
6 0.50537109375 0.38860103626943004 0.04541015625 0.04598445595854922
4 0.70361328125 0.3121761658031088 0.017578125 0.05569948186528497
10 0.43017578125 0.23575129533678757 0.01611328125 0.03367875647668394
4 0.671875 0.5576424870466321 0.021484375 0.05310880829015544
9 0.25048828125 0.7344559585492227 0.02001953125 0.03044041450777202
2 0.51953125 0.7875647668393783 0.03466796875 0.06217616580310881
0 0.64306640625 0.5259067357512953 0.0380859375 0.09909326424870467
7 0.6787109375 0.8400259067357513 0.03173828125 0.05958549222797927
6 0.48828125 0.5233160621761658 0.0322265625 0.06411917098445596
0 0.39892578125 0.8568652849740933 0.0693359375 0.048575129533678756
2 0.77001953125 0.5025906735751295 0.0458984375 0.05505181347150259
11 0.3662109375 0.43069948186528495 0.01953125 0.04209844559585492
0 0.69775390625 0.7286269430051814 0.04931640625 0.08873056994818652
3 0.744140625 0.6152849740932642 0.099609375 0.11787564766839378
7 0.4091796875 0.3626943005181347 0.05615234375 0.05310880829015544
5 0.7314453125 0.4896373056994819 0.04296875 0.09909326424870467
4 0.35205078125 0.6904145077720207 0.0205078125 0.06606217616580311
5 0.52783203125 0.7292746113989638 0.05322265625 0.09261658031088082
13 0.517578125 0.8277202072538861 0.02880859375 0.023316062176165803