3 0.611328125 0.7674870466321243 0.091796875 0.12953367875647667
6 0.25244140625 0.5330310880829016 0.0244140625 0.06930051813471502
9 0.28759765625 0.48639896373056996 0.01708984375 0.029145077720207253
8 0.61181640625 0.4319948186528497 0.0498046875 0.02072538860103627
5 0.68359375 0.5142487046632125 0.02783203125 0.09844559585492228
12 0.58251953125 0.7480569948186528 0.029296875 0.031088082901554404
10 0.26025390625 0.5168393782383419 0.01513671875 0.036917098445595854
4 0.66259765625 0.5751295336787565 0.01513671875 0.05505181347150259
8 0.45849609375 0.4883419689119171 0.04736328125 0.04145077720207254
9 0.29931640625 0.6392487046632125 0.0185546875 0.02655440414507772
8 0.63818359375 0.8387305699481865 0.04931640625 0.02849740932642487
11 0.3603515625 0.5880829015544041 0.01708984375 0.036917098445595854
7 0.53857421875 0.6301813471502591 0.02392578125 0.0705958549222798
13 0.529296875 0.7176165803108808 0.02685546875 0.027202072538860103
12 0.71142578125 0.5757772020725389 0.021484375 0.04145077720207254
8 0.50537109375 0.8562176165803109 0.05126953125 0.023963730569948185
6 0.27783203125 0.5155440414507773 0.025390625 0.06735751295336788
7 0.3173828125 0.6826424870466321 0.02197265625 0.06800518134715026
9 0.38525390625 0.5077720207253886 0.01318359375 0.019430051813471502
7 0.42822265625 0.7940414507772021 0.04248046875 0.06088082901554404
0 0.4384765625 0.758419689119171 0.04833984375 0.086139896373057
5 0.6181640625 0.5148963730569949 0.07421875 0.034974093264248704
1 0.5439453125 0.4721502590673575 0.025390625 0.040803108808290155
5 0.62353515625 0.4889896373056995 0.0703125 0.05829015544041451
13 0.53125 0.6496113989637305 0.01416015625 0.038860103626943004
10 0.67578125 0.5 0.01708984375 0.034974093264248704
10 0.63330078125 0.36139896373056996 0.017578125 0.038860103626943004
7 0.57763671875 0.29015544041450775 0.0234375 0.07512953367875648
5 0.71533203125 0.6625647668393783 0.0244140625 0.09520725388601037
4 0.7529296875 0.6327720207253886 0.04296875 0.04145077720207254
1 0.69775390625 0.5343264248704663 0.03125 0.03756476683937824
6 0.3310546875 0.6023316062176166 0.0478515625 0.03562176165803109
0 0.5634765625 0.727979274611399 0.01708984375 0.10816062176165803
0 0.73291015625 0.5990932642487047 0.0146484375 0.09974093264248704
11 0.34423828125 0.2959844559585492 0.02587890625 0.03432642487046632
0 0.3583984375 0.7681347150259067 0.01708984375 0.10362694300518134
1 0.43359375 0.40349740932642486 0.03515625 0.04015544041450777
13 0.48974609375 0.30634715025906734 0.0185546875 0.04209844559585492
3 0.5771484375 0.46113989637305697 0.09765625 0.10038860103626943
11 0.47021484375 0.4650259067357513 0.0302734375 0.025259067357512953
4 0.66455078125 0.9209844559585493 0.02783203125 0.04533678756476684
10 0.41357421875 0.6716321243523317 0.01611328125 0.03626943005181347
2 0.32568359375 0.3244818652849741 0.048828125 0.03044041450777202
1 0.54296875 0.7448186528497409 0.02978515625 0.03821243523316062
3 0.4873046875 0.7908031088082902 0.06982421875 0.12759067357512954
3 0.470703125 0.7130829015544041 0.10986328125 0.10038860103626943
6 0.39892578125 0.7305699481865285 0.0263671875 0.06865284974093264
2 0.31494140625 0.38795336787564766 0.044921875 0.05375647668393782
13 0.34423828125 0.5751295336787565 0.0283203125 0.02849740932642487
2 0.43505859375 0.6593264248704663 0.04296875 0.05505181347150259
11 0.56689453125 0.30634715025906734 0.01806640625 0.04015544041450777
9 0.43603515625 0.7091968911917098 0.029296875 0.03173575129533679
12 0.42919921875 0.7506476683937824 0.02587890625 0.04209844559585492
12 0.43896484375 0.7253886010362695 0.01904296875 0.027202072538860103
4 0.390625 0.5602331606217616 0.0400390625 0.017487046632124352