10 0.51513671875 0.483160621761658 0.01513671875 0.033031088082901554
3 0.57373046875 0.7603626943005182 0.0791015625 0.13924870466321243
4 0.5302734375 0.8244818652849741 0.01953125 0.05181347150259067
13 0.61572265625 0.47085492227979275 0.01611328125 0.036917098445595854
12 0.72314453125 0.44365284974093266 0.03076171875 0.02461139896373057
7 0.5234375 0.5939119170984456 0.04150390625 0.06282383419689119
12 0.4365234375 0.3646373056994819 0.0166015625 0.04792746113989637
13 0.33984375 0.6476683937823834 0.0205078125 0.03756476683937824
9 0.56298828125 0.5466321243523317 0.0205078125 0.022020725388601035
8 0.6875 0.3484455958549223 0.02978515625 0.06023316062176166
10 0.52685546875 0.9229274611398963 0.0234375 0.027202072538860103
4 0.638671875 0.3594559585492228 0.041015625 0.027202072538860103
13 0.57958984375 0.5531088082901554 0.0146484375 0.036917098445595854
4 0.6591796875 0.36139896373056996 0.03955078125 0.034974093264248704
8 0.66796875 0.3853626943005181 0.04736328125 0.034974093264248704
13 0.50341796875 0.5181347150259067 0.02490234375 0.029145077720207253
8 0.51318359375 0.8147668393782384 0.0205078125 0.0667098445595855
9 0.47705078125 0.8419689119170984 0.0234375 0.02266839378238342
10 0.43603515625 0.4689119170984456 0.015625 0.03821243523316062
5 0.59423828125 0.8089378238341969 0.01123046875 0.09715025906735751
7 0.7138671875 0.46632124352331605 0.04052734375 0.05569948186528497
1 0.44580078125 0.5077720207253886 0.02685546875 0.03238341968911917
12 0.56640625 0.23186528497409326 0.02783203125 0.03044041450777202
11 0.40771484375 0.5382124352331606 0.02392578125 0.029792746113989636
7 0.68603515625 0.6269430051813472 0.02783203125 0.0667098445595855
9 0.61865234375 0.3853626943005181 0.0234375 0.02266839378238342
9 0.17333984375 0.7571243523316062 0.01904296875 0.02849740932642487
1 0.67236328125 0.41386010362694303 0.0283203125 0.03821243523316062
11 0.3896484375 0.5246113989637305 0.02099609375 0.04209844559585492
11 0.5263671875 0.8873056994818653 0.02880859375 0.03173575129533679
3 0.5830078125 0.5265544041450777 0.1220703125 0.023963730569948185
5 0.44091796875 0.48639896373056996 0.078125 0.023963730569948185
11 0.517578125 0.40414507772020725 0.0302734375 0.029145077720207253
8 0.39794921875 0.6606217616580311 0.048828125 0.03756476683937824
10 0.3876953125 0.4378238341968912 0.0166015625 0.03626943005181347
0 0.7470703125 0.4268134715025907 0.01708984375 0.10492227979274611
5 0.68212890625 0.5615284974093264 0.04443359375 0.08937823834196891
6 0.57080078125 0.7117875647668394 0.01904296875 0.07189119170984457
5 0.57763671875 0.211139896373057 0.044921875 0.0900259067357513
2 0.779296875 0.966321243523316 0.0478515625 0.031088082901554404
6 0.5830078125 0.48121761658031087 0.05029296875 0.038860103626943004
7 0.6259765625 0.8186528497409327 0.05126953125 0.027849740932642485
1 0.58935546875 0.40932642487046633 0.0283203125 0.034974093264248704
0 0.41650390625 0.5770725388601037 0.0703125 0.06217616580310881
2 0.5 0.8160621761658031 0.02880859375 0.0667098445595855
6 0.625 0.4734455958549223 0.0283203125 0.06347150259067358
6 0.39892578125 0.6819948186528497 0.05078125 0.025259067357512953
1 0.537109375 0.45531088082901555 0.03271484375 0.03950777202072539
2 0.6337890625 0.40932642487046633 0.02490234375 0.06476683937823834
2 0.5625 0.30505181347150256 0.04150390625 0.06088082901554404
0 0.548828125 0.8840673575129534 0.0537109375 0.08290155440414508
3 0.59033203125 0.5867875647668394 0.11962890625 0.04792746113989637
12 0.603515625 0.6904145077720207 0.03369140625 0.02072538860103627
3 0.68701171875 0.45142487046632124 0.0263671875 0.15414507772020725
4 0.6748046875 0.582901554404145 0.037109375 0.03173575129533679