6 0.423828125 0.616580310880829 0.03564453125 0.06023316062176166
3 0.57666015625 0.5816062176165803 0.1015625 0.12953367875647667
12 0.3720703125 0.4896373056994819 0.02099609375 0.05181347150259067
10 0.61767578125 0.31930051813471505 0.01708984375 0.03173575129533679
8 0.4013671875 0.5887305699481865 0.04541015625 0.04727979274611399
12 0.62548828125 0.2707253886010363 0.02490234375 0.03367875647668394
9 0.6298828125 0.31476683937823835 0.01904296875 0.02461139896373057
10 0.47119140625 0.5958549222797928 0.01708984375 0.03821243523316062
13 0.74755859375 0.5615284974093264 0.02685546875 0.033031088082901554
8 0.3876953125 0.8089378238341969 0.03173828125 0.04145077720207254
6 0.447265625 0.6353626943005182 0.029296875 0.06606217616580311
4 0.68212890625 0.14248704663212436 0.03125 0.044689119170984455
13 0.5849609375 0.6781088082901554 0.0244140625 0.03367875647668394
10 0.33935546875 0.3542746113989637 0.0166015625 0.034974093264248704
9 0.48046875 0.37370466321243523 0.01708984375 0.033031088082901554
1 0.52099609375 0.6010362694300518 0.029296875 0.03562176165803109
12 0.62548828125 0.1949481865284974 0.03271484375 0.02072538860103627
5 0.22705078125 0.2338082901554404 0.01318359375 0.1016839378238342
2 0.41552734375 0.6444300518134715 0.041015625 0.06282383419689119
5 0.548828125 0.6081606217616581 0.0615234375 0.07772020725388601
5 0.5439453125 0.36787564766839376 0.052734375 0.08290155440414508
13 0.53173828125 0.5686528497409327 0.02880859375 0.02072538860103627
11 0.71337890625 0.7344559585492227 0.0263671875 0.029792746113989636
8 0.44677734375 0.27331606217616583 0.05224609375 0.02849740932642487
1 0.40771484375 0.5550518134715026 0.02783203125 0.034974093264248704
11 0.59716796875 0.658678756476684 0.021484375 0.036917098445595854
7 0.47314453125 0.2933937823834197 0.02880859375 0.06735751295336788
7 0.681640625 0.32189119170984454 0.02001953125 0.0744818652849741
6 0.37451171875 0.18588082901554404 0.03173828125 0.06735751295336788
4 0.41748046875 0.5265544041450777 0.03955078125 0.029145077720207253
11 0.4462890625 0.2959844559585492 0.0263671875 0.027202072538860103
3 0.4287109375 0.6826424870466321 0.1220703125 0.022020725388601035
0 0.60107421875 0.21178756476683938 0.07666015625 0.03238341968911917
1 0.43896484375 0.5731865284974094 0.0302734375 0.04015544041450777
3 0.6171875 0.3588082901554404 0.1142578125 0.03238341968911917
9 0.6171875 0.17551813471502592 0.02197265625 0.025906735751295335
2 0.74462890625 0.586139896373057 0.05029296875 0.025906735751295335
0 0.49267578125 0.6444300518134715 0.06884765625 0.05893782383419689
11 0.33056640625 0.40479274611398963 0.02099609375 0.04015544041450777
7 0.69287109375 0.27979274611398963 0.02685546875 0.06800518134715026
2 0.671875 0.24740932642487046 0.0263671875 0.06541450777202072
0 0.40771484375 0.24287564766839378 0.041015625 0.09132124352331607
5 0.4521484375 0.5246113989637305 0.0478515625 0.0900259067357513
0 0.39013671875 0.47474093264248707 0.06005859375 0.08160621761658031
2 0.72265625 0.41321243523316065 0.0498046875 0.04015544041450777
3 0.5791015625 0.2707253886010363 0.0810546875 0.14248704663212436
1 0.5595703125 0.18264248704663213 0.02685546875 0.03756476683937824
4 0.603515625 0.34585492227979275 0.044921875 0.020077720207253884
8 0.40185546875 0.7849740932642487 0.02197265625 0.0705958549222798
13 0.38037109375 0.8354922279792746 0.03076171875 0.02266839378238342
12 0.6494140625 0.6146373056994818 0.0166015625 0.04404145077720207
9 0.72216796875 0.7202072538860104 0.0166015625 0.023963730569948185
6 0.46484375 0.625 0.0166015625 0.06994818652849741
7 0.42724609375 0.6431347150259067 0.0361328125 0.06865284974093264
4 0.62646484375 0.24740932642487046 0.0390625 0.017487046632124352
10 0.47412109375 0.6275906735751295 0.01611328125 0.03562176165803109