4 0.7001953125 0.327720207253886 0.02783203125 0.052461139896373056
1 0.72021484375 0.297279792746114 0.0302734375 0.04145077720207254
8 0.6826171875 0.29468911917098445 0.041015625 0.06088082901554404
5 0.6826171875 0.5246113989637305 0.0205078125 0.09974093264248704
7 0.76025390625 0.5550518134715026 0.04541015625 0.046632124352331605
12 0.5537109375 0.16904145077720206 0.0205078125 0.03950777202072539
8 0.474609375 0.39961139896373055 0.05029296875 0.025259067357512953
7 0.74462890625 0.5783678756476683 0.04833984375 0.040803108808290155
13 0.76708984375 0.19300518134715025 0.0244140625 0.025259067357512953
13 0.494140625 0.21437823834196892 0.015625 0.03756476683937824
10 0.44384765625 0.21567357512953367 0.0166015625 0.02072538860103627
12 0.31884765625 0.28950777202072536 0.021484375 0.03950777202072539
10 0.771484375 0.5174870466321243 0.02490234375 0.03238341968911917
7 0.4306640625 0.19753886010362695 0.03857421875 0.06088082901554404
4 0.48193359375 0.37629533678756477 0.04296875 0.03044041450777202
5 0.47412109375 0.42487046632124353 0.07373046875 0.033031088082901554
6 0.501953125 0.33484455958549225 0.05322265625 0.020077720207253884
9 0.52490234375 0.29857512953367876 0.01904296875 0.02461139896373057
4 0.599609375 0.5343264248704663 0.0361328125 0.03626943005181347
6 0.30859375 0.4229274611398964 0.01953125 0.07253886010362694
1 0.61279296875 0.5194300518134715 0.02880859375 0.03950777202072539
9 0.58935546875 0.49287564766839376 0.021484375 0.025259067357512953
11 0.56884765625 0.5 0.029296875 0.022020725388601035
11 0.375 0.5472797927461139 0.02685546875 0.03432642487046632
10 0.353515625 0.5511658031088082 0.01904296875 0.034974093264248704
12 0.74658203125 0.5317357512953368 0.03173828125 0.018134715025906734
7 0.3544921875 0.33678756476683935 0.017578125 0.06994818652849741
3 0.3935546875 0.5200777202072538 0.017578125 0.16645077720207255
11 0.42724609375 0.10880829015544041 0.02490234375 0.036917098445595854
9 0.62646484375 0.5777202072538861 0.02197265625 0.027849740932642485
4 0.79248046875 0.5 0.04052734375 0.021373056994818652
1 0.49169921875 0.13989637305699482 0.02685546875 0.03756476683937824
0 0.5966796875 0.6878238341968912 0.0205078125 0.10751295336787564
13 0.60546875 0.7383419689119171 0.02587890625 0.022020725388601035
0 0.3486328125 0.29404145077720206 0.0712890625 0.05829015544041451
0 0.49609375 0.5582901554404145 0.07666015625 0.023316062176165803
6 0.40966796875 0.16904145077720206 0.03466796875 0.06347150259067358
6 0.5185546875 0.20660621761658032 0.0458984375 0.05181347150259067
0 0.48583984375 0.47474093264248707 0.07666015625 0.025906735751295335
2 0.42529296875 0.08095854922279792 0.04931640625 0.036917098445595854
2 0.72119140625 0.35297927461139894 0.04541015625 0.05310880829015544
13 0.5234375 0.7519430051813472 0.02685546875 0.02655440414507772
2 0.59765625 0.5822538860103627 0.03173828125 0.06606217616580311
3 0.65185546875 0.3387305699481865 0.03271484375 0.1567357512953368
2 0.2138671875 0.7286269430051814 0.04296875 0.05893782383419689
11 0.412109375 0.27396373056994816 0.01904296875 0.042746113989637305
5 0.66552734375 0.18976683937823835 0.0322265625 0.09261658031088082
3 0.39794921875 0.22992227979274613 0.1044921875 0.10362694300518134
3 0.7041015625 0.37694300518134716 0.083984375 0.13406735751295337
1 0.29248046875 0.4119170984455959 0.0263671875 0.03626943005181347
9 0.64453125 0.6729274611398963 0.02294921875 0.023963730569948185
12 0.45361328125 0.45984455958549225 0.02880859375 0.033031088082901554
10 0.416015625 0.19753886010362695 0.0185546875 0.029145077720207253
8 0.53466796875 0.20725388601036268 0.04296875 0.052461139896373056
8 0.4765625 0.3944300518134715 0.05029296875 0.022020725388601035
5 0.49365234375 0.46049222797927464 0.076171875 0.034974093264248704