11 0.5498046875 0.6198186528497409 0.01904296875 0.03950777202072539
5 0.4853515625 0.7020725388601037 0.0673828125 0.06411917098445596
9 0.2705078125 0.36658031088082904 0.0205078125 0.02072538860103627
10 0.38134765625 0.7493523316062176 0.02197265625 0.025906735751295335
5 0.59765625 0.7273316062176166 0.0146484375 0.09844559585492228
5 0.3310546875 0.4494818652849741 0.01513671875 0.09909326424870467
4 0.37646484375 0.12888601036269431 0.015625 0.05310880829015544
13 0.56298828125 0.24676165803108807 0.017578125 0.036917098445595854
13 0.26171875 0.15090673575129535 0.02734375 0.034974093264248704
8 0.59521484375 0.22279792746113988 0.0537109375 0.022020725388601035
8 0.552734375 0.7182642487046632 0.04052734375 0.05505181347150259
12 0.580078125 0.7810880829015544 0.03515625 0.018134715025906734
9 0.2666015625 0.41450777202072536 0.01953125 0.03173575129533679
13 0.3095703125 0.4630829015544041 0.02392578125 0.03432642487046632
1 0.3974609375 0.6224093264248705 0.025390625 0.03756476683937824
0 0.5908203125 0.6159326424870466 0.04248046875 0.10492227979274611
1 0.56201171875 0.6683937823834197 0.03173828125 0.036917098445595854
10 0.4560546875 0.6988341968911918 0.0244140625 0.02655440414507772
7 0.72265625 0.37370466321243523 0.01806640625 0.07189119170984457
8 0.35546875 0.43976683937823835 0.02978515625 0.06282383419689119
1 0.35986328125 0.41450777202072536 0.0341796875 0.04209844559585492
12 0.49853515625 0.16126943005181346 0.03271484375 0.021373056994818652
5 0.6318359375 0.538860103626943 0.03466796875 0.09261658031088082
9 0.607421875 0.18847150259067358 0.01611328125 0.031088082901554404
7 0.623046875 0.16645077720207255 0.02099609375 0.0705958549222798
7 0.75341796875 0.27979274611398963 0.0458984375 0.04922279792746114
7 0.515625 0.6424870466321243 0.0556640625 0.025259067357512953
1 0.3408203125 0.5310880829015544 0.0283203125 0.03432642487046632
11 0.35400390625 0.6852331606217616 0.02197265625 0.03950777202072539
3 0.59423828125 0.552461139896373 0.0654296875 0.14507772020725387
2 0.416015625 0.6314766839378239 0.0166015625 0.06800518134715026
4 0.55712890625 0.5803108808290155 0.0390625 0.033031088082901554
11 0.36865234375 0.7895077720207254 0.0205078125 0.042746113989637305
6 0.35107421875 0.1949481865284974 0.0234375 0.06735751295336788
9 0.2900390625 0.20466321243523317 0.02294921875 0.02655440414507772
6 0.53564453125 0.15867875647668395 0.0400390625 0.05569948186528497
3 0.68798828125 0.28432642487046633 0.05419921875 0.15220207253886012
2 0.3779296875 0.5537564766839378 0.037109375 0.06088082901554404
11 0.38037109375 0.6658031088082902 0.0244140625 0.03562176165803109
2 0.33935546875 0.6515544041450777 0.0322265625 0.06476683937823834
3 0.42041015625 0.3490932642487047 0.10791015625 0.10233160621761658
4 0.640625 0.6405440414507773 0.029296875 0.046632124352331605
2 0.65673828125 0.49093264248704666 0.0205078125 0.06930051813471502
0 0.50390625 0.038860103626943004 0.052734375 0.07189119170984457
0 0.5927734375 0.6729274611398963 0.046875 0.09455958549222798
0 0.45068359375 0.40867875647668395 0.07373046875 0.05310880829015544
3 0.31103515625 0.3387305699481865 0.0869140625 0.12823834196891193
4 0.58935546875 0.6379533678756477 0.02392578125 0.056347150259067356
6 0.3564453125 0.564119170984456 0.0537109375 0.04404145077720207
6 0.3798828125 0.6146373056994818 0.029296875 0.06152849740932642
13 0.396484375 0.6632124352331606 0.025390625 0.023316062176165803
12 0.3525390625 0.6515544041450777 0.017578125 0.04404145077720207
12 0.62255859375 0.530440414507772 0.02685546875 0.03950777202072539
10 0.56298828125 0.6884715025906736 0.029296875 0.022020725388601035
8 0.572265625 0.5867875647668394 0.03515625 0.06282383419689119
10 0.4443359375 0.3866580310880829 0.02734375 0.023316062176165803