9 0.26416015625 0.569300518134715 0.01611328125 0.029792746113989636
8 0.6474609375 0.6411917098445595 0.01611328125 0.06994818652849741
3 0.591796875 0.6534974093264249 0.115234375 0.07642487046632124
4 0.62158203125 0.6509067357512953 0.037109375 0.03173575129533679
5 0.53857421875 0.783678756476684 0.06640625 0.05764248704663212
7 0.49365234375 0.42422279792746115 0.0537109375 0.016191709844559584
13 0.23193359375 0.5181347150259067 0.017578125 0.05375647668393782
8 0.51611328125 0.6625647668393783 0.0517578125 0.017487046632124352
9 0.45556640625 0.5194300518134715 0.01708984375 0.029145077720207253
12 0.26513671875 0.3231865284974093 0.01806640625 0.04598445595854922
12 0.49755859375 0.7150259067357513 0.0166015625 0.046632124352331605
13 0.47705078125 0.4410621761658031 0.0263671875 0.02849740932642487
7 0.49365234375 0.42422279792746115 0.05322265625 0.01683937823834197
3 0.294921875 0.5738341968911918 0.0419921875 0.16062176165803108
10 0.2509765625 0.25906735751295334 0.0244140625 0.025906735751295335
9 0.29150390625 0.7480569948186528 0.021484375 0.027202072538860103
11 0.63134765625 0.625 0.02734375 0.031088082901554404
10 0.306640625 0.38341968911917096 0.02392578125 0.020077720207253884
10 0.20751953125 0.34196891191709844 0.02587890625 0.020077720207253884
8 0.62890625 0.7046632124352331 0.04638671875 0.03950777202072539
11 0.66015625 0.6930051813471503 0.029296875 0.025906735751295335
12 0.669921875 0.6075129533678757 0.0126953125 0.042746113989637305
4 0.556640625 0.49417098445595853 0.03515625 0.04533678756476684
5 0.70947265625 0.5952072538860104 0.0732421875 0.033031088082901554
1 0.22314453125 0.4060880829015544 0.0322265625 0.04404145077720207
1 0.30126953125 0.5647668393782384 0.02685546875 0.036917098445595854
4 0.43115234375 0.4740932642487047 0.0205078125 0.052461139896373056
0 0.60498046875 0.5563471502590673 0.02734375 0.1016839378238342
13 0.75048828125 0.5990932642487047 0.01904296875 0.034974093264248704
6 0.62451171875 0.19235751295336787 0.044921875 0.04922279792746114
1 0.5078125 0.8516839378238342 0.02587890625 0.038860103626943004
2 0.66162109375 0.6450777202072538 0.021484375 0.0705958549222798
1 0.27783203125 0.4255181347150259 0.02490234375 0.03432642487046632
2 0.28369140625 0.40025906735751293 0.0498046875 0.03044041450777202
2 0.61572265625 0.582901554404145 0.029296875 0.06800518134715026
6 0.43603515625 0.16774611398963732 0.0302734375 0.06541450777202072
11 0.4169921875 0.538860103626943 0.0283203125 0.03238341968911917
6 0.24365234375 0.2933937823834197 0.048828125 0.03367875647668394
11 0.22607421875 0.49093264248704666 0.017578125 0.04015544041450777
0 0.63720703125 0.594559585492228 0.05712890625 0.07966321243523317
6 0.6611328125 0.5252590673575129 0.03564453125 0.06023316062176166
2 0.62451171875 0.4876943005181347 0.04931640625 0.02849740932642487
4 0.255859375 0.6444300518134715 0.03369140625 0.03821243523316062
0 0.59912109375 0.22344559585492227 0.06396484375 0.07772020725388601
3 0.3525390625 0.22409326424870465 0.080078125 0.13471502590673576
3 0.28955078125 0.6703367875647669 0.060546875 0.15090673575129535
0 0.27685546875 0.8937823834196891 0.03369140625 0.09326424870466321
9 0.4990234375 0.8173575129533679 0.02294921875 0.029792746113989636
13 0.57568359375 0.5045336787564767 0.02978515625 0.04145077720207254
10 0.28271484375 0.2817357512953368 0.02392578125 0.021373056994818652
8 0.2666015625 0.28756476683937826 0.046875 0.040803108808290155
5 0.2470703125 0.5174870466321243 0.01416015625 0.09974093264248704
5 0.43115234375 0.5893782383419689 0.01513671875 0.1016839378238342
7 0.2314453125 0.3711139896373057 0.04541015625 0.04598445595854922
12 0.2353515625 0.38277202072538863 0.025390625 0.03238341968911917
7 0.64208984375 0.7292746113989638 0.0458984375 0.040803108808290155