5 0.3935546875 0.5498704663212435 0.0439453125 0.06541450777202072
5 0.7158203125 0.6625647668393783 0.06787109375 0.029145077720207253
13 0.66845703125 0.6424870466321243 0.03173828125 0.017487046632124352
10 0.548828125 0.23186528497409326 0.02392578125 0.02849740932642487
12 0.74755859375 0.35233160621761656 0.02294921875 0.03562176165803109
8 0.19482421875 0.508419689119171 0.03662109375 0.05829015544041451
7 0.484375 0.3698186528497409 0.05126953125 0.025259067357512953
4 0.6552734375 0.6172279792746114 0.037109375 0.03562176165803109
9 0.4375 0.46696891191709844 0.01904296875 0.025259067357512953
7 0.6826171875 0.6224093264248705 0.05322265625 0.03173575129533679
5 0.5048828125 0.6735751295336787 0.029296875 0.11463730569948187
6 0.7177734375 0.2603626943005181 0.0146484375 0.06541450777202072
6 0.55712890625 0.3698186528497409 0.04638671875 0.04145077720207254
5 0.4794921875 0.616580310880829 0.01904296875 0.1055699481865285
8 0.5458984375 0.39313471502590674 0.0458984375 0.02461139896373057
3 0.5634765625 0.44559585492227977 0.04443359375 0.14637305699481865
13 0.41455078125 0.6075129533678757 0.01416015625 0.03950777202072539
8 0.5966796875 0.719559585492228 0.0439453125 0.03367875647668394
0 0.58642578125 0.6917098445595855 0.07421875 0.04922279792746114
8 0.69677734375 0.6405440414507773 0.04296875 0.038860103626943004
13 0.51220703125 0.49028497409326427 0.02783203125 0.03044041450777202
1 0.60693359375 0.4119170984455959 0.02587890625 0.03562176165803109
7 0.61328125 0.741580310880829 0.0537109375 0.04598445595854922
11 0.4755859375 0.4268134715025907 0.02490234375 0.036917098445595854
0 0.56884765625 0.47603626943005184 0.0302734375 0.1094559585492228
0 0.73681640625 0.3011658031088083 0.0263671875 0.1016839378238342
11 0.46923828125 0.5932642487046632 0.02783203125 0.03432642487046632
1 0.59326171875 0.34132124352331605 0.025390625 0.03367875647668394
7 0.52001953125 0.7746113989637305 0.0234375 0.06606217616580311
13 0.3173828125 0.38406735751295334 0.01708984375 0.03821243523316062
1 0.53125 0.7117875647668394 0.02587890625 0.036917098445595854
11 0.6044921875 0.32059585492227977 0.0224609375 0.036917098445595854
10 0.70751953125 0.48639896373056996 0.0224609375 0.029792746113989636
3 0.373046875 0.46178756476683935 0.02783203125 0.15932642487046633
11 0.49951171875 0.35168393782383417 0.03173828125 0.027202072538860103
1 0.4521484375 0.43069948186528495 0.0244140625 0.03238341968911917
4 0.64111328125 0.7506476683937824 0.0439453125 0.031088082901554404
2 0.69287109375 0.586139896373057 0.04443359375 0.05829015544041451
0 0.57861328125 0.6606217616580311 0.0615234375 0.07772020725388601
3 0.6103515625 0.2661917098445596 0.12060546875 0.034974093264248704
3 0.59130859375 0.5155440414507773 0.044921875 0.15349740932642486
6 0.63720703125 0.6476683937823834 0.0498046875 0.03562176165803109
2 0.2294921875 0.7072538860103627 0.05029296875 0.02461139896373057
2 0.5009765625 0.6010362694300518 0.0244140625 0.06735751295336788
4 0.43017578125 0.552461139896373 0.0380859375 0.04209844559585492
4 0.47021484375 0.5634715025906736 0.0361328125 0.03432642487046632
2 0.72509765625 0.31476683937823835 0.0244140625 0.06994818652849741
12 0.4169921875 0.4566062176165803 0.03271484375 0.033031088082901554
12 0.52734375 0.36528497409326427 0.03173828125 0.019430051813471502
9 0.49365234375 0.7027202072538861 0.02587890625 0.03238341968911917
9 0.62109375 0.7629533678756477 0.021484375 0.034974093264248704
9 0.498046875 0.5531088082901554 0.01806640625 0.027202072538860103
12 0.6767578125 0.6275906735751295 0.0283203125 0.02072538860103627
10 0.14794921875 0.6580310880829016 0.0185546875 0.03238341968911917
10 0.3251953125 0.35751295336787564 0.0185546875 0.033031088082901554