3 0.55810546875 0.8335492227979274 0.1123046875 0.09455958549222798
9 0.39013671875 0.20854922279792745 0.02197265625 0.025906735751295335
9 0.58447265625 0.30310880829015546 0.01953125 0.03173575129533679
13 0.53466796875 0.8309585492227979 0.0205078125 0.034974093264248704
10 0.4140625 0.542098445595855 0.02685546875 0.02461139896373057
7 0.5244140625 0.27525906735751293 0.04931640625 0.04209844559585492
13 0.69580078125 0.6839378238341969 0.01513671875 0.03821243523316062
9 0.62109375 0.5174870466321243 0.02001953125 0.027202072538860103
6 0.46435546875 0.6418393782383419 0.015625 0.07253886010362694
4 0.34765625 0.4170984455958549 0.03955078125 0.031088082901554404
5 0.73583984375 0.2810880829015544 0.0693359375 0.04598445595854922
6 0.2822265625 0.7389896373056994 0.0146484375 0.06606217616580311
4 0.619140625 0.5809585492227979 0.03271484375 0.04339378238341969
11 0.77294921875 0.49093264248704666 0.0185546875 0.036917098445595854
8 0.5546875 0.20466321243523317 0.0478515625 0.03044041450777202
4 0.41357421875 0.21243523316062177 0.0419921875 0.027849740932642485
12 0.44775390625 0.6658031088082902 0.03271484375 0.02461139896373057
8 0.4775390625 0.6923575129533679 0.0185546875 0.0705958549222798
8 0.81005859375 0.6450777202072538 0.04150390625 0.04015544041450777
10 0.73291015625 0.49870466321243523 0.0244140625 0.025906735751295335
12 0.66650390625 0.5129533678756477 0.0283203125 0.03562176165803109
10 0.85205078125 0.34196891191709844 0.01806640625 0.03173575129533679
4 0.7509765625 0.5006476683937824 0.0322265625 0.04209844559585492
12 0.24365234375 0.6515544041450777 0.025390625 0.036917098445595854
1 0.6357421875 0.23963730569948186 0.02685546875 0.031088082901554404
5 0.69775390625 0.6658031088082902 0.0732421875 0.03950777202072539
2 0.27392578125 0.6845854922279793 0.02685546875 0.06606217616580311
11 0.4326171875 0.6567357512953368 0.03125 0.027202072538860103
5 0.7548828125 0.30505181347150256 0.068359375 0.056347150259067356
3 0.51123046875 0.6373056994818653 0.0439453125 0.15349740932642486
0 0.2626953125 0.6981865284974094 0.02783203125 0.1016839378238342
6 0.490234375 0.6781088082901554 0.02294921875 0.07772020725388601
1 0.52294921875 0.22538860103626943 0.02734375 0.038860103626943004
11 0.83349609375 0.5395077720207254 0.02001953125 0.03821243523316062
9 0.65625 0.7681347150259067 0.0185546875 0.03044041450777202
1 0.68115234375 0.533678756476684 0.0322265625 0.042746113989637305
11 0.34130859375 0.6301813471502591 0.02001953125 0.04015544041450777
8 0.302734375 0.358160621761658 0.04296875 0.04015544041450777
1 0.29833984375 0.6781088082901554 0.025390625 0.034974093264248704
0 0.71533203125 0.22409326424870465 0.07470703125 0.027202072538860103
3 0.39697265625 0.758419689119171 0.11767578125 0.04533678756476684
3 0.43115234375 0.5401554404145078 0.0400390625 0.15544041450777202
0 0.4599609375 0.5654145077720207 0.02490234375 0.0977979274611399
2 0.85400390625 0.4371761658031088 0.0439453125 0.04727979274611399
6 0.3623046875 0.35751295336787564 0.0498046875 0.03432642487046632
2 0.60986328125 0.4961139896373057 0.046875 0.05181347150259067
2 0.30078125 0.4423575129533679 0.04296875 0.056347150259067356
0 0.5703125 0.2344559585492228 0.06982421875 0.05569948186528497
5 0.2900390625 0.3335492227979275 0.076171875 0.03367875647668394
13 0.56689453125 0.7189119170984456 0.03369140625 0.029145077720207253
7 0.54296875 0.772020725388601 0.02978515625 0.06735751295336788
7 0.3203125 0.38471502590673573 0.04541015625 0.04922279792746114
7 0.4169921875 0.16645077720207255 0.04541015625 0.04404145077720207
12 0.32421875 0.38924870466321243 0.02587890625 0.031088082901554404
13 0.326171875 0.358160621761658 0.02734375 0.019430051813471502