0 0.533203125 0.7338082901554405 0.048828125 0.09132124352331607
5 0.78173828125 0.4566062176165803 0.02490234375 0.10038860103626943
5 0.51708984375 0.5809585492227979 0.0458984375 0.09067357512953368
5 0.525390625 0.3950777202072539 0.03662109375 0.09909326424870467
8 0.55029296875 0.819300518134715 0.04296875 0.046632124352331605
6 0.326171875 0.4209844559585492 0.0517578125 0.025906735751295335
9 0.275390625 0.5686528497409327 0.02099609375 0.029145077720207253
9 0.2529296875 0.8354922279792746 0.02001953125 0.02655440414507772
7 0.28466796875 0.5777202072538861 0.0205078125 0.06865284974093264
10 0.35009765625 0.5680051813471503 0.02294921875 0.031088082901554404
11 0.5869140625 0.8387305699481865 0.02490234375 0.021373056994818652
4 0.63818359375 0.6107512953367875 0.03759765625 0.02849740932642487
13 0.53662109375 0.947538860103627 0.0244140625 0.02849740932642487
12 0.74267578125 0.4099740932642487 0.02734375 0.022020725388601035
12 0.32275390625 0.34520725388601037 0.01513671875 0.04209844559585492
13 0.36865234375 0.7318652849740933 0.0283203125 0.02072538860103627
4 0.6982421875 0.5259067357512953 0.0146484375 0.054404145077720206
12 0.37158203125 0.7772020725388601 0.03076171875 0.019430051813471502
10 0.63037109375 0.957901554404145 0.02099609375 0.029792746113989636
7 0.74072265625 0.3853626943005181 0.025390625 0.07512953367875648
10 0.56494140625 0.32059585492227977 0.01904296875 0.03367875647668394
5 0.60595703125 0.3238341968911917 0.07275390625 0.03367875647668394
8 0.546875 0.7383419689119171 0.02197265625 0.06930051813471502
12 0.57568359375 0.23056994818652848 0.03125 0.02266839378238342
10 0.22900390625 0.6392487046632125 0.021484375 0.029792746113989636
9 0.439453125 0.49093264248704666 0.02197265625 0.027202072538860103
4 0.427734375 0.5932642487046632 0.01708984375 0.05764248704663212
13 0.40771484375 0.6709844559585493 0.01611328125 0.03950777202072539
11 0.3369140625 0.31930051813471505 0.025390625 0.03044041450777202
1 0.2548828125 0.43911917098445596 0.02880859375 0.03626943005181347
1 0.45068359375 0.4268134715025907 0.02587890625 0.03562176165803109
11 0.271484375 0.3555699481865285 0.0224609375 0.03756476683937824
11 0.2841796875 0.37305699481865284 0.02001953125 0.03821243523316062
3 0.76611328125 0.5012953367875648 0.07177734375 0.13860103626943004
3 0.70947265625 0.38082901554404147 0.0576171875 0.15025906735751296
6 0.44189453125 0.7972797927461139 0.0458984375 0.038860103626943004
0 0.58984375 0.9715025906735751 0.01611328125 0.054404145077720206
2 0.5673828125 0.8808290155440415 0.0380859375 0.05764248704663212
2 0.7900390625 0.48121761658031087 0.02978515625 0.06930051813471502
3 0.47802734375 0.7700777202072538 0.12060546875 0.022020725388601035
6 0.54345703125 0.9106217616580311 0.04150390625 0.050518134715025906
8 0.6279296875 0.4533678756476684 0.04345703125 0.04598445595854922
3 0.44580078125 0.716321243523316 0.11865234375 0.05116580310880829
7 0.66259765625 0.8711139896373057 0.04296875 0.04533678756476684
6 0.4130859375 0.6159326424870466 0.041015625 0.05181347150259067
2 0.30078125 0.3180051813471503 0.04248046875 0.056347150259067356
1 0.6982421875 0.41450777202072536 0.0263671875 0.03756476683937824
0 0.716796875 0.31411917098445596 0.04541015625 0.09132124352331607
0 0.69482421875 0.7124352331606217 0.04931640625 0.09067357512953368
2 0.51123046875 0.4676165803108808 0.04833984375 0.04727979274611399
1 0.29833984375 0.586139896373057 0.02490234375 0.03432642487046632
13 0.46044921875 0.4423575129533679 0.02685546875 0.02461139896373057
8 0.6708984375 0.5181347150259067 0.05126953125 0.020077720207253884
7 0.7998046875 0.538860103626943 0.02099609375 0.07189119170984457
4 0.69873046875 0.2694300518134715 0.041015625 0.02072538860103627
9 0.6025390625 0.9851036269430051 0.01513671875 0.02655440414507772