8 0.4833984375 0.43134715025906734 0.04345703125 0.05310880829015544
7 0.59423828125 0.6230569948186528 0.0458984375 0.05181347150259067
7 0.76123046875 0.4572538860103627 0.04443359375 0.05116580310880829
8 0.5126953125 0.6146373056994818 0.0146484375 0.06541450777202072
11 0.75048828125 0.44041450777202074 0.01513671875 0.044689119170984455
13 0.67041015625 0.8180051813471503 0.01708984375 0.038860103626943004
4 0.5751953125 0.7674870466321243 0.0380859375 0.03367875647668394
13 0.6728515625 0.3290155440414508 0.02783203125 0.027849740932642485
9 0.41552734375 0.4119170984455959 0.02197265625 0.029145077720207253
9 0.59619140625 0.7169689119170984 0.01708984375 0.02849740932642487
13 0.6640625 0.7117875647668394 0.0234375 0.03173575129533679
11 0.59716796875 0.16839378238341968 0.0234375 0.03432642487046632
1 0.55224609375 0.7286269430051814 0.0244140625 0.03562176165803109
2 0.54150390625 0.5906735751295337 0.01611328125 0.06994818652849741
5 0.69287109375 0.7435233160621761 0.04443359375 0.08743523316062177
12 0.5986328125 0.29468911917098445 0.03369140625 0.02266839378238342
13 0.630859375 0.5718911917098446 0.01513671875 0.036917098445595854
11 0.51318359375 0.530440414507772 0.01953125 0.03626943005181347
5 0.5810546875 0.719559585492228 0.02783203125 0.0977979274611399
1 0.51904296875 0.6645077720207254 0.025390625 0.034974093264248704
9 0.47265625 0.7661917098445595 0.02001953125 0.033031088082901554
2 0.642578125 0.3121761658031088 0.017578125 0.07189119170984457
8 0.51123046875 0.6865284974093264 0.02392578125 0.06865284974093264
10 0.658203125 0.16256476683937823 0.02685546875 0.02655440414507772
10 0.6962890625 0.40479274611398963 0.0263671875 0.02461139896373057
7 0.49365234375 0.3128238341968912 0.01416015625 0.07383419689119171
7 0.6005859375 0.33031088082901555 0.01806640625 0.07318652849740932
9 0.55859375 0.5006476683937824 0.02392578125 0.027202072538860103
1 0.6376953125 0.4740932642487047 0.029296875 0.03562176165803109
0 0.75830078125 0.6645077720207254 0.01953125 0.10427461139896373
6 0.66552734375 0.2772020725388601 0.0419921875 0.05116580310880829
1 0.77001953125 0.26360103626943004 0.02685546875 0.03821243523316062
0 0.75048828125 0.6288860103626943 0.0263671875 0.09715025906735751
11 0.5634765625 0.5997409326424871 0.029296875 0.033031088082901554
4 0.65185546875 0.4371761658031088 0.041015625 0.02266839378238342
6 0.3759765625 0.46567357512953367 0.0244140625 0.06865284974093264
8 0.60888671875 0.5071243523316062 0.04931640625 0.029792746113989636
0 0.619140625 0.1949481865284974 0.0673828125 0.05893782383419689
5 0.59765625 0.6509067357512953 0.06005859375 0.07772020725388601
6 0.62451171875 0.29404145077720206 0.0380859375 0.05893782383419689
0 0.55712890625 0.6755181347150259 0.0703125 0.05893782383419689
2 0.5791015625 0.3646373056994819 0.02099609375 0.06735751295336788
2 0.48095703125 0.49740932642487046 0.04638671875 0.04987046632124352
3 0.38427734375 0.694300518134715 0.1083984375 0.10103626943005181
6 0.5087890625 0.4261658031088083 0.04736328125 0.046632124352331605
3 0.6953125 0.22797927461139897 0.10546875 0.09974093264248704
4 0.5166015625 0.6386010362694301 0.0400390625 0.02655440414507772
4 0.65673828125 0.29404145077720206 0.02783203125 0.04727979274611399
3 0.53125 0.5589378238341969 0.01904296875 0.16191709844559585
3 0.3828125 0.658678756476684 0.11669921875 0.08031088082901554
12 0.77587890625 0.5680051813471503 0.03125 0.022020725388601035
10 0.7626953125 0.4229274611398964 0.0166015625 0.03367875647668394
12 0.625 0.5174870466321243 0.03369140625 0.01878238341968912
12 0.4111328125 0.694300518134715 0.03271484375 0.027849740932642485
10 0.73583984375 0.6288860103626943 0.017578125 0.03173575129533679