12 0.41357421875 0.23510362694300518 0.02734375 0.03238341968911917
9 0.31884765625 0.2655440414507772 0.0166015625 0.025906735751295335
7 0.63720703125 0.1871761658031088 0.02490234375 0.06347150259067358
4 0.36376953125 0.5777202072538861 0.02880859375 0.04987046632124352
13 0.376953125 0.7817357512953368 0.0244140625 0.020077720207253884
13 0.3564453125 0.7979274611398963 0.0263671875 0.02461139896373057
9 0.2197265625 0.7428756476683938 0.01953125 0.027202072538860103
12 0.65283203125 0.7512953367875648 0.03173828125 0.019430051813471502
7 0.6650390625 0.6949481865284974 0.017578125 0.07189119170984457
9 0.3056640625 0.27525906735751293 0.0166015625 0.027202072538860103
10 0.25341796875 0.29987046632124353 0.02783203125 0.02072538860103627
5 0.2783203125 0.3225388601036269 0.07666015625 0.016191709844559584
10 0.32568359375 0.3711139896373057 0.021484375 0.03173575129533679
8 0.28076171875 0.7752590673575129 0.05126953125 0.023316062176165803
8 0.77734375 0.3853626943005181 0.0498046875 0.02266839378238342
4 0.25146484375 0.27331606217616583 0.03955078125 0.025906735751295335
11 0.59130859375 0.33743523316062174 0.0205078125 0.02849740932642487
10 0.283203125 0.3905440414507772 0.01904296875 0.023316062176165803
10 0.6181640625 0.1955958549222798 0.0205078125 0.027202072538860103
5 0.4052734375 0.5544041450777202 0.07275390625 0.04145077720207254
11 0.384765625 0.5822538860103627 0.0166015625 0.042746113989637305
6 0.5478515625 0.819300518134715 0.04833984375 0.05116580310880829
7 0.640625 0.7130829015544041 0.046875 0.04533678756476684
12 0.37548828125 0.8199481865284974 0.0322265625 0.023963730569948185
6 0.59130859375 0.35297927461139894 0.04833984375 0.046632124352331605
11 0.58154296875 0.32642487046632124 0.01953125 0.04339378238341969
12 0.31494140625 0.23575129533678757 0.02197265625 0.03821243523316062
11 0.53564453125 0.8426165803108808 0.0166015625 0.04145077720207254
5 0.68701171875 0.3290155440414508 0.05419921875 0.08484455958549222
8 0.38671875 0.6722797927461139 0.0439453125 0.050518134715025906
1 0.40625 0.6450777202072538 0.02734375 0.03367875647668394
1 0.3076171875 0.38212435233160624 0.03173828125 0.040803108808290155
9 0.38134765625 0.3115284974093264 0.01708984375 0.03044041450777202
7 0.41357421875 0.4494818652849741 0.04443359375 0.056347150259067356
1 0.32763671875 0.8296632124352331 0.0302734375 0.04209844559585492
1 0.3896484375 0.7610103626943006 0.02978515625 0.040803108808290155
6 0.60986328125 0.1794041450777202 0.0400390625 0.05116580310880829
4 0.3828125 0.22085492227979275 0.03173828125 0.04145077720207254
4 0.51513671875 0.8588082901554405 0.03662109375 0.03756476683937824
6 0.40234375 0.7940414507772021 0.0498046875 0.02461139896373057
2 0.6962890625 0.21955958549222798 0.03759765625 0.06282383419689119
0 0.7265625 0.4112694300518135 0.0166015625 0.10362694300518134
2 0.54833984375 0.5330310880829016 0.0205078125 0.06735751295336788
0 0.3505859375 0.6593264248704663 0.06298828125 0.07577720207253887
0 0.5341796875 0.7746113989637305 0.06787109375 0.06541450777202072
2 0.22509765625 0.3244818652849741 0.0439453125 0.054404145077720206
3 0.4375 0.2914507772020725 0.12109375 0.06088082901554404
3 0.64404296875 0.33095854922279794 0.111328125 0.0939119170984456
3 0.32421875 0.33031088082901555 0.10400390625 0.10297927461139897
3 0.5908203125 0.26360103626943004 0.12060546875 0.038860103626943004
2 0.63037109375 0.7448186528497409 0.04833984375 0.04727979274611399
0 0.529296875 0.7480569948186528 0.06591796875 0.06930051813471502
8 0.54736328125 0.8018134715025906 0.0478515625 0.03626943005181347
13 0.3544921875 0.7661917098445595 0.02001953125 0.03432642487046632
13 0.5361328125 0.8199481865284974 0.02734375 0.020077720207253884