3 0.552734375 0.3225388601036269 0.10498046875 0.08937823834196891
0 0.5380859375 0.3167098445595855 0.07080078125 0.06411917098445596
9 0.62255859375 0.758419689119171 0.01904296875 0.027849740932642485
3 0.62890625 0.7402849740932642 0.11962890625 0.06735751295336788
9 0.646484375 0.42357512953367876 0.02587890625 0.023963730569948185
12 0.54931640625 0.2966321243523316 0.04833984375 0.02655440414507772
10 0.4130859375 0.3426165803108808 0.02783203125 0.02461139896373057
13 0.4453125 0.5589378238341969 0.01513671875 0.02461139896373057
12 0.41162109375 0.6424870466321243 0.0234375 0.03562176165803109
8 0.71533203125 0.20725388601036268 0.0185546875 0.06411917098445596
8 0.4052734375 0.37370466321243523 0.025390625 0.06217616580310881
5 0.5087890625 0.2694300518134715 0.01416015625 0.0977979274611399
9 0.6455078125 0.7843264248704663 0.02392578125 0.022020725388601035
12 0.4111328125 0.6424870466321243 0.02392578125 0.03562176165803109
13 0.421875 0.5906735751295337 0.025390625 0.025259067357512953
10 0.64501953125 0.6094559585492227 0.0224609375 0.029792746113989636
10 0.3818359375 0.3698186528497409 0.025390625 0.025259067357512953
8 0.48974609375 0.3594559585492228 0.0283203125 0.06347150259067358
12 0.71337890625 0.42033678756476683 0.02490234375 0.03432642487046632
13 0.47607421875 0.48186528497409326 0.03173828125 0.02461139896373057
8 0.5126953125 0.6016839378238342 0.03271484375 0.05958549222797927
10 0.44140625 0.6392487046632125 0.013671875 0.03562176165803109
7 0.6328125 0.29987046632124353 0.04345703125 0.05116580310880829
7 0.5830078125 0.07772020725388601 0.05615234375 0.02849740932642487
7 0.71484375 0.280440414507772 0.05224609375 0.023963730569948185
11 0.42236328125 0.6139896373056994 0.02880859375 0.02266839378238342
7 0.33935546875 0.42487046632124353 0.05078125 0.04404145077720207
5 0.55810546875 0.6398963730569949 0.0634765625 0.06606217616580311
6 0.6943359375 0.4274611398963731 0.01611328125 0.06930051813471502
1 0.4619140625 0.32189119170984454 0.03076171875 0.04209844559585492
6 0.6650390625 0.7972797927461139 0.02001953125 0.06735751295336788
1 0.45361328125 0.586139896373057 0.02685546875 0.03562176165803109
5 0.37109375 0.34196891191709844 0.0712890625 0.04404145077720207
1 0.59521484375 0.7215025906735751 0.02978515625 0.04015544041450777
13 0.78857421875 0.7966321243523317 0.02978515625 0.023316062176165803
0 0.64453125 0.6599740932642487 0.02197265625 0.10362694300518134
11 0.41162109375 0.5757772020725389 0.02783203125 0.029792746113989636
2 0.47705078125 0.5816062176165803 0.02099609375 0.06994818652849741
6 0.57568359375 0.802461139896373 0.0400390625 0.05699481865284974
11 0.37841796875 0.616580310880829 0.0205078125 0.03950777202072539
2 0.39697265625 0.633419689119171 0.02197265625 0.0667098445595855
4 0.52001953125 0.3069948186528497 0.02978515625 0.04404145077720207
0 0.462890625 0.2966321243523316 0.07421875 0.03821243523316062
2 0.544921875 0.21955958549222798 0.05029296875 0.025906735751295335
2 0.6123046875 0.822538860103627 0.04833984375 0.04792746113989637
11 0.2587890625 0.6606217616580311 0.0224609375 0.03821243523316062
3 0.44287109375 0.43134715025906734 0.0546875 0.15220207253886012
3 0.52880859375 0.38471502590673573 0.08349609375 0.13601036269430053
1 0.63330078125 0.7098445595854922 0.02392578125 0.03367875647668394
0 0.814453125 0.4209844559585492 0.06640625 0.05310880829015544
4 0.4111328125 0.25582901554404147 0.03125 0.044689119170984455
4 0.474609375 0.3536269430051813 0.0341796875 0.044689119170984455
9 0.75146484375 0.8089378238341969 0.02685546875 0.03044041450777202
5 0.37451171875 0.35297927461139894 0.07177734375 0.040803108808290155
4 0.46484375 0.5472797927461139 0.03173828125 0.05893782383419689