11 0.5498046875 0.3801813471502591 0.01904296875 0.03950777202072539
5 0.4853515625 0.2979274611398964 0.0673828125 0.06411917098445596
9 0.2705078125 0.633419689119171 0.0205078125 0.02072538860103627
10 0.38134765625 0.2506476683937824 0.02197265625 0.025906735751295335
5 0.59765625 0.27266839378238344 0.0146484375 0.09844559585492228
5 0.3310546875 0.5505181347150259 0.01513671875 0.09909326424870467
4 0.37646484375 0.8711139896373057 0.015625 0.05310880829015544
13 0.56298828125 0.7532383419689119 0.017578125 0.036917098445595854
13 0.26171875 0.8490932642487047 0.02734375 0.034974093264248704
8 0.59521484375 0.7772020725388601 0.0537109375 0.022020725388601035
8 0.552734375 0.2817357512953368 0.04052734375 0.05505181347150259
12 0.580078125 0.2189119170984456 0.03515625 0.018134715025906734
9 0.2666015625 0.5854922279792746 0.01953125 0.03173575129533679
13 0.3095703125 0.5369170984455959 0.02392578125 0.03432642487046632
1 0.3974609375 0.37759067357512954 0.025390625 0.03756476683937824
0 0.5908203125 0.38406735751295334 0.04248046875 0.10492227979274611
1 0.56201171875 0.3316062176165803 0.03173828125 0.036917098445595854
10 0.4560546875 0.3011658031088083 0.0244140625 0.02655440414507772
7 0.72265625 0.6262953367875648 0.01806640625 0.07189119170984457
8 0.35546875 0.5602331606217616 0.02978515625 0.06282383419689119
1 0.35986328125 0.5854922279792746 0.0341796875 0.04209844559585492
12 0.49853515625 0.8387305699481865 0.03271484375 0.021373056994818652
5 0.6318359375 0.46113989637305697 0.03466796875 0.09261658031088082
9 0.607421875 0.8115284974093264 0.01611328125 0.031088082901554404
7 0.623046875 0.8335492227979274 0.02099609375 0.0705958549222798
7 0.75341796875 0.7202072538860104 0.0458984375 0.04922279792746114
7 0.515625 0.35751295336787564 0.0556640625 0.025259067357512953
1 0.3408203125 0.4689119170984456 0.0283203125 0.03432642487046632
11 0.35400390625 0.31476683937823835 0.02197265625 0.03950777202072539
3 0.59423828125 0.4475388601036269 0.0654296875 0.14507772020725387
2 0.416015625 0.36852331606217614 0.0166015625 0.06800518134715026
4 0.55712890625 0.41968911917098445 0.0390625 0.033031088082901554
11 0.36865234375 0.2104922279792746 0.0205078125 0.042746113989637305
6 0.35107421875 0.8050518134715026 0.0234375 0.06735751295336788
9 0.2900390625 0.7953367875647669 0.02294921875 0.02655440414507772
6 0.53564453125 0.841321243523316 0.0400390625 0.05569948186528497
3 0.68798828125 0.7156735751295337 0.05419921875 0.15220207253886012
2 0.3779296875 0.44624352331606215 0.037109375 0.06088082901554404
11 0.38037109375 0.33419689119170987 0.0244140625 0.03562176165803109
2 0.33935546875 0.3484455958549223 0.0322265625 0.06476683937823834
3 0.42041015625 0.6509067357512953 0.10791015625 0.10233160621761658
4 0.640625 0.3594559585492228 0.029296875 0.046632124352331605
2 0.65673828125 0.5090673575129534 0.0205078125 0.06930051813471502
0 0.50390625 0.961139896373057 0.052734375 0.07189119170984457
0 0.5927734375 0.3270725388601036 0.046875 0.09455958549222798
0 0.45068359375 0.591321243523316 0.07373046875 0.05310880829015544
3 0.31103515625 0.6612694300518135 0.0869140625 0.12823834196891193
4 0.58935546875 0.36204663212435234 0.02392578125 0.056347150259067356
6 0.3564453125 0.43588082901554404 0.0537109375 0.04404145077720207
6 0.3798828125 0.3853626943005181 0.029296875 0.06152849740932642
13 0.396484375 0.33678756476683935 0.025390625 0.023316062176165803
12 0.3525390625 0.3484455958549223 0.017578125 0.04404145077720207
12 0.62255859375 0.469559585492228 0.02685546875 0.03950777202072539
10 0.56298828125 0.3115284974093264 0.029296875 0.022020725388601035
8 0.572265625 0.41321243523316065 0.03515625 0.06282383419689119
10 0.4443359375 0.6133419689119171 0.02734375 0.023316062176165803