4 0.2998046875 0.6722797927461139 0.02783203125 0.052461139896373056
1 0.27978515625 0.7027202072538861 0.0302734375 0.04145077720207254
8 0.3173828125 0.7053108808290155 0.041015625 0.06088082901554404
5 0.3173828125 0.47538860103626945 0.0205078125 0.09974093264248704
7 0.23974609375 0.44494818652849744 0.04541015625 0.046632124352331605
12 0.4462890625 0.8309585492227979 0.0205078125 0.03950777202072539
8 0.525390625 0.6003886010362695 0.05029296875 0.025259067357512953
7 0.25537109375 0.4216321243523316 0.04833984375 0.040803108808290155
13 0.23291015625 0.8069948186528497 0.0244140625 0.025259067357512953
13 0.505859375 0.7856217616580311 0.015625 0.03756476683937824
10 0.55615234375 0.7843264248704663 0.0166015625 0.02072538860103627
12 0.68115234375 0.7104922279792746 0.021484375 0.03950777202072539
10 0.228515625 0.48251295336787564 0.02490234375 0.03238341968911917
7 0.5693359375 0.802461139896373 0.03857421875 0.06088082901554404
4 0.51806640625 0.6237046632124352 0.04296875 0.03044041450777202
5 0.52587890625 0.5751295336787565 0.07373046875 0.033031088082901554
6 0.498046875 0.6651554404145078 0.05322265625 0.020077720207253884
9 0.47509765625 0.7014248704663213 0.01904296875 0.02461139896373057
4 0.400390625 0.46567357512953367 0.0361328125 0.03626943005181347
6 0.69140625 0.5770725388601037 0.01953125 0.07253886010362694
1 0.38720703125 0.4805699481865285 0.02880859375 0.03950777202072539
9 0.41064453125 0.5071243523316062 0.021484375 0.025259067357512953
11 0.43115234375 0.5 0.029296875 0.022020725388601035
11 0.625 0.452720207253886 0.02685546875 0.03432642487046632
10 0.646484375 0.4488341968911917 0.01904296875 0.034974093264248704
12 0.25341796875 0.4682642487046632 0.03173828125 0.018134715025906734
7 0.6455078125 0.6632124352331606 0.017578125 0.06994818652849741
3 0.6064453125 0.4799222797927461 0.017578125 0.16645077720207255
11 0.57275390625 0.8911917098445595 0.02490234375 0.036917098445595854
9 0.37353515625 0.422279792746114 0.02197265625 0.027849740932642485
4 0.20751953125 0.5 0.04052734375 0.021373056994818652
1 0.50830078125 0.8601036269430051 0.02685546875 0.03756476683937824
0 0.4033203125 0.3121761658031088 0.0205078125 0.10751295336787564
13 0.39453125 0.2616580310880829 0.02587890625 0.022020725388601035
0 0.6513671875 0.7059585492227979 0.0712890625 0.05829015544041451
0 0.50390625 0.4417098445595855 0.07666015625 0.023316062176165803
6 0.59033203125 0.8309585492227979 0.03466796875 0.06347150259067358
6 0.4814453125 0.7933937823834197 0.0458984375 0.05181347150259067
0 0.51416015625 0.5252590673575129 0.07666015625 0.025906735751295335
2 0.57470703125 0.9190414507772021 0.04931640625 0.036917098445595854
2 0.27880859375 0.647020725388601 0.04541015625 0.05310880829015544
13 0.4765625 0.24805699481865284 0.02685546875 0.02655440414507772
2 0.40234375 0.4177461139896373 0.03173828125 0.06606217616580311
3 0.34814453125 0.6612694300518135 0.03271484375 0.1567357512953368
2 0.7861328125 0.2713730569948187 0.04296875 0.05893782383419689
11 0.587890625 0.7260362694300518 0.01904296875 0.042746113989637305
5 0.33447265625 0.8102331606217616 0.0322265625 0.09261658031088082
3 0.60205078125 0.7700777202072538 0.1044921875 0.10362694300518134
3 0.2958984375 0.6230569948186528 0.083984375 0.13406735751295337
1 0.70751953125 0.5880829015544041 0.0263671875 0.03626943005181347
9 0.35546875 0.3270725388601036 0.02294921875 0.023963730569948185
12 0.54638671875 0.5401554404145078 0.02880859375 0.033031088082901554
10 0.583984375 0.802461139896373 0.0185546875 0.029145077720207253
8 0.46533203125 0.7927461139896373 0.04296875 0.052461139896373056
8 0.5234375 0.6055699481865285 0.05029296875 0.022020725388601035
5 0.50634765625 0.5395077720207254 0.076171875 0.034974093264248704