6 0.66650390625 0.20595854922279794 0.04736328125 0.016191709844559584
8 0.66064453125 0.32577720207253885 0.04736328125 0.03626943005181347
5 0.5478515625 0.4896373056994819 0.07373046875 0.03756476683937824
13 0.3583984375 0.3711139896373057 0.02734375 0.025259067357512953
8 0.68505859375 0.5932642487046632 0.04931640625 0.025259067357512953
9 0.4443359375 0.7040155440414507 0.021484375 0.017487046632124352
7 0.43115234375 0.5090673575129534 0.0146484375 0.054404145077720206
9 0.45849609375 0.694300518134715 0.01708984375 0.031088082901554404
11 0.6806640625 0.7266839378238342 0.02685546875 0.031088082901554404
7 0.42333984375 0.5537564766839378 0.0341796875 0.06476683937823834
10 0.29638671875 0.48251295336787564 0.017578125 0.03367875647668394
12 0.39892578125 0.45077720207253885 0.02099609375 0.034974093264248704
9 0.4287109375 0.6923575129533679 0.02490234375 0.02461139896373057
13 0.69091796875 0.1871761658031088 0.029296875 0.01878238341968912
8 0.46044921875 0.4637305699481865 0.0419921875 0.04533678756476684
13 0.728515625 0.6897668393782384 0.02294921875 0.03432642487046632
10 0.4375 0.5880829015544041 0.02197265625 0.027202072538860103
11 0.66357421875 0.6502590673575129 0.02783203125 0.02849740932642487
12 0.6689453125 0.6301813471502591 0.02197265625 0.03821243523316062
4 0.49609375 0.49158031088082904 0.0390625 0.02072538860103627
11 0.3017578125 0.4009067357512953 0.01708984375 0.04145077720207254
12 0.5537109375 0.7182642487046632 0.02685546875 0.02849740932642487
1 0.69970703125 0.3484455958549223 0.02734375 0.04145077720207254
6 0.3759765625 0.47474093264248707 0.0400390625 0.056347150259067356
10 0.3564453125 0.8367875647668394 0.021484375 0.031088082901554404
8 0.634765625 0.2616580310880829 0.01806640625 0.06930051813471502
0 0.47021484375 0.538860103626943 0.0791015625 0.034974093264248704
5 0.68603515625 0.6308290155440415 0.04150390625 0.0705958549222798
1 0.31640625 0.3853626943005181 0.0263671875 0.03562176165803109
2 0.71630859375 0.689119170984456 0.02587890625 0.0667098445595855
9 0.5107421875 0.21502590673575128 0.0234375 0.02655440414507772
5 0.64208984375 0.7150259067357513 0.05810546875 0.0744818652849741
7 0.7255859375 0.5518134715025906 0.02001953125 0.07383419689119171
10 0.42431640625 0.4520725388601036 0.0263671875 0.023316062176165803
1 0.54052734375 0.7914507772020726 0.02685546875 0.03562176165803109
4 0.5341796875 0.6489637305699482 0.03564453125 0.038860103626943004
6 0.3740234375 0.3860103626943005 0.01708984375 0.06865284974093264
2 0.44775390625 0.4876943005181347 0.02001953125 0.06994818652849741
0 0.64794921875 0.22797927461139897 0.0498046875 0.09067357512953368
1 0.35888671875 0.5297927461139896 0.0302734375 0.04209844559585492
11 0.541015625 0.2810880829015544 0.0234375 0.040803108808290155
6 0.50341796875 0.5246113989637305 0.04345703125 0.05569948186528497
13 0.68798828125 0.48575129533678757 0.0185546875 0.03756476683937824
3 0.51611328125 0.5712435233160622 0.12060546875 0.034974093264248704
7 0.701171875 0.8031088082901554 0.044921875 0.04209844559585492
4 0.662109375 0.7901554404145078 0.03173828125 0.04145077720207254
2 0.69677734375 0.6871761658031088 0.03173828125 0.06347150259067358
3 0.50927734375 0.6981865284974094 0.072265625 0.14313471502590674
3 0.1748046875 0.36139896373056996 0.0283203125 0.16062176165803108
2 0.31787109375 0.5589378238341969 0.05029296875 0.034974093264248704
3 0.58984375 0.5395077720207254 0.11572265625 0.054404145077720206
0 0.4208984375 0.7772020725388601 0.07275390625 0.050518134715025906
0 0.7275390625 0.35233160621761656 0.06396484375 0.07512953367875648
5 0.3974609375 0.48704663212435234 0.0576171875 0.08031088082901554