8 0.46728515625 0.15090673575129535 0.04443359375 0.03626943005181347
5 0.60888671875 0.1483160621761658 0.0380859375 0.08937823834196891
9 0.44775390625 0.6729274611398963 0.01904296875 0.027202072538860103
12 0.580078125 0.667098445595855 0.025390625 0.034974093264248704
13 0.35205078125 0.24611398963730569 0.02783203125 0.02266839378238342
12 0.50439453125 0.7072538860103627 0.03564453125 0.023316062176165803
7 0.4970703125 0.75 0.0419921875 0.046632124352331605
1 0.42236328125 0.19170984455958548 0.02685546875 0.033031088082901554
8 0.44775390625 0.14443005181347152 0.0419921875 0.05764248704663212
12 0.4150390625 0.23575129533678757 0.02099609375 0.040803108808290155
13 0.1923828125 0.5440414507772021 0.02783203125 0.025906735751295335
11 0.48583984375 0.7085492227979274 0.02001953125 0.031088082901554404
12 0.5869140625 0.6185233160621761 0.03662109375 0.022020725388601035
4 0.59326171875 0.6534974093264249 0.0234375 0.052461139896373056
11 0.5703125 0.1955958549222798 0.0146484375 0.03821243523316062
7 0.5380859375 0.16321243523316062 0.04931640625 0.03432642487046632
4 0.45947265625 0.18588082901554404 0.02490234375 0.04987046632124352
4 0.33447265625 0.658678756476684 0.0419921875 0.02072538860103627
6 0.3330078125 0.3484455958549223 0.02685546875 0.04727979274611399
7 0.7099609375 0.7208549222797928 0.04248046875 0.05893782383419689
10 0.6416015625 0.1172279792746114 0.02392578125 0.02849740932642487
9 0.56689453125 0.7072538860103627 0.017578125 0.029792746113989636
5 0.2763671875 0.5518134715025906 0.0556640625 0.07966321243523317
13 0.4765625 0.3426165803108808 0.025390625 0.027849740932642485
7 0.505859375 0.7208549222797928 0.0595703125 0.02266839378238342
5 0.603515625 0.7396373056994818 0.07470703125 0.034974093264248704
3 0.5654296875 0.7590673575129534 0.12451171875 0.025259067357512953
6 0.59326171875 0.21955958549222798 0.01953125 0.07124352331606218
6 0.390625 0.2033678756476684 0.03515625 0.05764248704663212
13 0.6416015625 0.7623056994818653 0.025390625 0.029145077720207253
1 0.61572265625 0.47150259067357514 0.0322265625 0.040803108808290155
5 0.29345703125 0.6126943005181347 0.04638671875 0.09585492227979274
11 0.30419921875 0.3626943005181347 0.02294921875 0.03238341968911917
0 0.349609375 0.36787564766839376 0.04931640625 0.08937823834196891
1 0.76220703125 0.49093264248704666 0.02978515625 0.034974093264248704
2 0.51513671875 0.18976683937823835 0.0458984375 0.052461139896373056
6 0.3408203125 0.7007772020725389 0.03955078125 0.06023316062176166
3 0.169921875 0.4883419689119171 0.09130859375 0.11787564766839378
10 0.77783203125 0.25647668393782386 0.02392578125 0.02266839378238342
10 0.47216796875 0.31541450777202074 0.02783203125 0.021373056994818652
2 0.7021484375 0.7772020725388601 0.04931640625 0.034974093264248704
8 0.38232421875 0.6502590673575129 0.04052734375 0.05505181347150259
3 0.458984375 0.4430051813471503 0.03759765625 0.15738341968911918
2 0.58935546875 0.694300518134715 0.05078125 0.04792746113989637
3 0.49365234375 0.37694300518134716 0.048828125 0.15155440414507773
4 0.51513671875 0.6651554404145078 0.03564453125 0.042746113989637305
0 0.3544921875 0.2823834196891192 0.072265625 0.048575129533678756
0 0.5185546875 0.6411917098445595 0.06396484375 0.07772020725388601
2 0.68701171875 0.7033678756476683 0.03515625 0.06347150259067358
0 0.2744140625 0.6664507772020726 0.0517578125 0.08873056994818652
11 0.61767578125 0.7098445595854922 0.02685546875 0.03432642487046632
1 0.447265625 0.13665803108808292 0.02587890625 0.03562176165803109
9 0.537109375 0.7014248704663213 0.017578125 0.027202072538860103
8 0.34033203125 0.6664507772020726 0.05224609375 0.022020725388601035
9 0.4169921875 0.21243523316062177 0.0205078125 0.025906735751295335
10 0.4609375 0.7143782383419689 0.025390625 0.02461139896373057