12 0.2890625 0.6269430051813472 0.013671875 0.04404145077720207
9 0.529296875 0.7396373056994818 0.01953125 0.027202072538860103
5 0.41357421875 0.5744818652849741 0.0341796875 0.09650259067357513
13 0.54638671875 0.7130829015544041 0.02392578125 0.020077720207253884
4 0.6982421875 0.6146373056994818 0.017578125 0.05375647668393782
12 0.64794921875 0.625 0.02880859375 0.03756476683937824
0 0.53369140625 0.7085492227979274 0.0400390625 0.09326424870466321
13 0.29638671875 0.5809585492227979 0.01806640625 0.04015544041450777
7 0.48291015625 0.40867875647668395 0.02099609375 0.0667098445595855
8 0.28955078125 0.508419689119171 0.048828125 0.01878238341968912
8 0.61572265625 0.43458549222797926 0.04150390625 0.054404145077720206
7 0.615234375 0.4170984455958549 0.044921875 0.05505181347150259
12 0.3037109375 0.6509067357512953 0.0419921875 0.02266839378238342
9 0.26806640625 0.7532383419689119 0.02392578125 0.023963730569948185
10 0.3095703125 0.5919689119170984 0.01806640625 0.03950777202072539
8 0.51953125 0.6489637305699482 0.04541015625 0.04015544041450777
8 0.53515625 0.6275906735751295 0.0234375 0.06476683937823834
5 0.626953125 0.5932642487046632 0.0107421875 0.1055699481865285
4 0.6630859375 0.4643782383419689 0.03515625 0.04145077720207254
9 0.40966796875 0.7933937823834197 0.01806640625 0.03367875647668394
10 0.55224609375 0.6755181347150259 0.0244140625 0.019430051813471502
6 0.5107421875 0.711139896373057 0.0205078125 0.06476683937823834
10 0.30810546875 0.625 0.02685546875 0.023316062176165803
6 0.3310546875 0.2849740932642487 0.05419921875 0.02266839378238342
1 0.65478515625 0.8063471502590673 0.02734375 0.03821243523316062
13 0.6806640625 0.3244818652849741 0.0205078125 0.034974093264248704
1 0.58056640625 0.38471502590673573 0.025390625 0.03367875647668394
2 0.31884765625 0.5272020725388601 0.01806640625 0.06865284974093264
10 0.6640625 0.4889896373056995 0.0185546875 0.03562176165803109
3 0.51123046875 0.3756476683937824 0.11962890625 0.038860103626943004
4 0.4140625 0.35168393782383417 0.0283203125 0.052461139896373056
11 0.6787109375 0.8542746113989638 0.02685546875 0.029145077720207253
11 0.34033203125 0.31411917098445596 0.021484375 0.04209844559585492
6 0.3740234375 0.20531088082901555 0.04833984375 0.04015544041450777
7 0.435546875 0.586139896373057 0.01708984375 0.0744818652849741
6 0.55615234375 0.4540155440414508 0.046875 0.04792746113989637
1 0.6328125 0.9132124352331606 0.0263671875 0.03367875647668394
11 0.38330078125 0.2260362694300518 0.03173828125 0.025906735751295335
3 0.34716796875 0.5531088082901554 0.07373046875 0.13989637305699482
1 0.61328125 0.6178756476683938 0.02587890625 0.03562176165803109
3 0.587890625 0.33419689119170987 0.12158203125 0.031088082901554404
3 0.458984375 0.3024611398963731 0.115234375 0.06347150259067358
2 0.533203125 0.3555699481865285 0.05029296875 0.025259067357512953
0 0.6982421875 0.4261658031088083 0.03271484375 0.09909326424870467
11 0.39794921875 0.5427461139896373 0.02734375 0.029145077720207253
0 0.41943359375 0.8808290155440415 0.04443359375 0.08937823834196891
2 0.3486328125 0.4993523316062176 0.046875 0.05116580310880829
2 0.27734375 0.5375647668393783 0.04931640625 0.042746113989637305
0 0.74951171875 0.09455958549222798 0.03662109375 0.09520725388601037
4 0.3154296875 0.6405440414507773 0.04248046875 0.02266839378238342
7 0.5712890625 0.6347150259067358 0.02783203125 0.07707253886010362
12 0.56689453125 0.7091968911917098 0.0380859375 0.03821243523316062
13 0.6337890625 0.41256476683937826 0.0126953125 0.04339378238341969
5 0.63916015625 0.38795336787564766 0.03759765625 0.09132124352331607