3 0.6337890625 0.5699481865284974 0.0673828125 0.13924870466321243
0 0.63818359375 0.5505181347150259 0.04833984375 0.0939119170984456
9 0.30517578125 0.6625647668393783 0.02099609375 0.025259067357512953
3 0.31884765625 0.6709844559585493 0.05078125 0.15867875647668395
9 0.5576171875 0.694300518134715 0.01806640625 0.03432642487046632
12 0.6533203125 0.5654145077720207 0.02001953125 0.06411917098445596
10 0.61865234375 0.38471502590673573 0.0185546875 0.036917098445595854
13 0.45556640625 0.4274611398963731 0.0185546875 0.020077720207253884
12 0.392578125 0.38277202072538863 0.02685546875 0.031088082901554404
8 0.720703125 0.7856217616580311 0.04833984375 0.02461139896373057
8 0.59521484375 0.3743523316062176 0.046875 0.03367875647668394
5 0.673828125 0.5116580310880829 0.07373046875 0.01878238341968912
9 0.28564453125 0.6930051813471503 0.0166015625 0.03173575129533679
12 0.392578125 0.38212435233160624 0.02685546875 0.03173575129533679
13 0.431640625 0.3963730569948187 0.01904296875 0.03367875647668394
10 0.41748046875 0.6923575129533679 0.0224609375 0.029792746113989636
10 0.59814453125 0.3432642487046632 0.01904296875 0.03367875647668394
8 0.60595703125 0.48639896373056996 0.0478515625 0.03756476683937824
12 0.56005859375 0.7830310880829016 0.02587890625 0.033031088082901554
13 0.513671875 0.4682642487046632 0.0185546875 0.04209844559585492
8 0.42333984375 0.5168393782383419 0.044921875 0.04339378238341969
10 0.39501953125 0.422279792746114 0.02685546875 0.018134715025906734
7 0.65087890625 0.6761658031088082 0.03857421875 0.05764248704663212
7 0.818359375 0.6101036269430051 0.021484375 0.0744818652849741
7 0.66552734375 0.7849740932642487 0.01806640625 0.06930051813471502
11 0.4140625 0.39702072538860106 0.01708984375 0.03821243523316062
7 0.556640625 0.2869170984455959 0.033203125 0.06735751295336788
5 0.39453125 0.5770725388601037 0.0498046875 0.08419689119170984
6 0.5546875 0.7577720207253886 0.05224609375 0.021373056994818652
1 0.63427734375 0.4494818652849741 0.03173828125 0.040803108808290155
6 0.27587890625 0.7189119170984456 0.05078125 0.02655440414507772
1 0.43505859375 0.4384715025906736 0.02685546875 0.03562176165803109
5 0.619140625 0.3290155440414508 0.033203125 0.09455958549222798
1 0.3330078125 0.6262953367875648 0.0302734375 0.03950777202072539
13 0.2763671875 0.8827720207253886 0.017578125 0.03950777202072539
0 0.37939453125 0.6917098445595855 0.078125 0.029145077720207253
11 0.44287109375 0.38277202072538863 0.0224609375 0.036917098445595854
2 0.4384765625 0.469559585492228 0.052734375 0.027849740932642485
6 0.27197265625 0.6003886010362695 0.04296875 0.05310880829015544
11 0.412109375 0.3387305699481865 0.02978515625 0.027202072538860103
2 0.3994140625 0.3633419689119171 0.05029296875 0.029145077720207253
4 0.6455078125 0.5265544041450777 0.033203125 0.03950777202072539
0 0.6533203125 0.45077720207253885 0.02880859375 0.09844559585492228
2 0.71142578125 0.5595854922279793 0.01953125 0.0667098445595855
2 0.2568359375 0.6489637305699482 0.0361328125 0.06411917098445596
11 0.37890625 0.1800518134715026 0.02880859375 0.029792746113989636
3 0.5517578125 0.42422279792746115 0.11474609375 0.07253886010362694
3 0.5869140625 0.5382124352331606 0.1025390625 0.11075129533678757
1 0.341796875 0.6768134715025906 0.025390625 0.03173575129533679
0 0.5595703125 0.917098445595855 0.0400390625 0.08808290155440414
4 0.68408203125 0.38212435233160624 0.03369140625 0.04145077720207254
4 0.6103515625 0.46632124352331605 0.03369140625 0.04533678756476684
9 0.26708984375 0.8335492227979274 0.02294921875 0.03562176165803109
5 0.61083984375 0.3335492227979275 0.03076171875 0.09520725388601037
4 0.46435546875 0.4533678756476684 0.04443359375 0.04209844559585492