13 0.5224609375 0.5090673575129534 0.01953125 0.03562176165803109
13 0.5126953125 0.47085492227979275 0.0283203125 0.025906735751295335
12 0.35595703125 0.783678756476684 0.01708984375 0.04922279792746114
4 0.43896484375 0.822538860103627 0.04052734375 0.020077720207253884
4 0.3642578125 0.8154145077720207 0.041015625 0.025259067357512953
10 0.6875 0.4682642487046632 0.02587890625 0.02461139896373057
4 0.34228515625 0.7610103626943006 0.0185546875 0.05569948186528497
9 0.4931640625 0.7027202072538861 0.01904296875 0.03821243523316062
8 0.64453125 0.6347150259067358 0.0419921875 0.05310880829015544
11 0.55078125 0.39766839378238344 0.0302734375 0.02849740932642487
5 0.4521484375 0.8562176165803109 0.03369140625 0.09520725388601037
7 0.70947265625 0.3011658031088083 0.0517578125 0.02461139896373057
7 0.48974609375 0.7402849740932642 0.0537109375 0.04339378238341969
8 0.41650390625 0.677461139896373 0.046875 0.04987046632124352
10 0.35986328125 0.3426165803108808 0.0244140625 0.023963730569948185
8 0.4111328125 0.6159326424870466 0.0126953125 0.06800518134715026
9 0.4794921875 0.4689119170984456 0.02490234375 0.025259067357512953
1 0.43994140625 0.6852331606217616 0.025390625 0.03432642487046632
5 0.72802734375 0.4488341968911917 0.07568359375 0.02266839378238342
6 0.54638671875 0.3626943005181347 0.0224609375 0.07318652849740932
7 0.490234375 0.7215025906735751 0.0576171875 0.02655440414507772
8 0.67041015625 0.5990932642487047 0.01513671875 0.07124352331606218
11 0.66455078125 0.3536269430051813 0.029296875 0.023963730569948185
6 0.5166015625 0.11787564766839378 0.0517578125 0.023316062176165803
11 0.58935546875 0.2810880829015544 0.0302734375 0.02461139896373057
5 0.7041015625 0.5731865284974094 0.05859375 0.07966321243523317
5 0.7841796875 0.4326424870466321 0.0703125 0.04598445595854922
13 0.43408203125 0.4734455958549223 0.02978515625 0.02266839378238342
10 0.69482421875 0.38406735751295334 0.017578125 0.03562176165803109
1 0.27490234375 0.5628238341968912 0.02880859375 0.03756476683937824
1 0.7119140625 0.6327720207253886 0.0244140625 0.03626943005181347
2 0.349609375 0.7059585492227979 0.0341796875 0.06541450777202072
3 0.75634765625 0.2778497409326425 0.03662109375 0.15284974093264247
6 0.576171875 0.163860103626943 0.01904296875 0.0705958549222798
3 0.384765625 0.7247409326424871 0.06005859375 0.1560880829015544
11 0.68212890625 0.3024611398963731 0.02001953125 0.04145077720207254
3 0.2529296875 0.4676165803108808 0.02978515625 0.15997409326424872
2 0.318359375 0.32059585492227977 0.0185546875 0.06735751295336788
9 0.39404296875 0.32512953367875647 0.02099609375 0.02655440414507772
1 0.7236328125 0.35297927461139894 0.02734375 0.034974093264248704
6 0.59130859375 0.31541450777202074 0.0390625 0.05958549222797927
0 0.33837890625 0.11787564766839378 0.07373046875 0.04792746113989637
0 0.4248046875 0.564119170984456 0.07275390625 0.054404145077720206
2 0.48291015625 0.4430051813471503 0.04931640625 0.04209844559585492
2 0.48828125 0.5071243523316062 0.04931640625 0.03756476683937824
3 0.50048828125 0.5576424870466321 0.1142578125 0.06541450777202072
0 0.4140625 0.375 0.0224609375 0.10297927461139897
9 0.4931640625 0.4274611398963731 0.02490234375 0.023963730569948185
0 0.36474609375 0.707901554404145 0.04541015625 0.09455958549222798
7 0.427734375 0.6755181347150259 0.033203125 0.07512953367875648
12 0.6572265625 0.6301813471502591 0.029296875 0.046632124352331605
12 0.68359375 0.6366580310880829 0.0283203125 0.04792746113989637
4 0.3671875 0.7914507772020726 0.0400390625 0.04145077720207254
10 0.39697265625 0.5952072538860104 0.02783203125 0.03238341968911917
13 0.6298828125 0.2856217616580311 0.02783203125 0.034974093264248704
12 0.408203125 0.7616580310880829 0.0205078125 0.054404145077720206