6 0.5498046875 0.4332901554404145 0.02587890625 0.06476683937823834
7 0.5625 0.3115284974093264 0.033203125 0.07189119170984457
12 0.6455078125 0.47668393782383417 0.03369140625 0.018134715025906734
13 0.66943359375 0.4883419689119171 0.01806640625 0.03626943005181347
9 0.55126953125 0.7363989637305699 0.02294921875 0.023963730569948185
10 0.5595703125 0.49870466321243523 0.0185546875 0.03432642487046632
8 0.44921875 0.7124352331606217 0.041015625 0.04922279792746114
5 0.4619140625 0.2869170984455959 0.078125 0.022020725388601035
10 0.4365234375 0.7636010362694301 0.0234375 0.02461139896373057
9 0.63427734375 0.6981865284974094 0.02294921875 0.023963730569948185
11 0.53564453125 0.7130829015544041 0.02734375 0.03367875647668394
5 0.70947265625 0.39961139896373055 0.04345703125 0.09067357512953368
1 0.384765625 0.5479274611398963 0.0322265625 0.03950777202072539
8 0.56298828125 0.2603626943005181 0.04541015625 0.04598445595854922
4 0.3134765625 0.6191709844559585 0.02197265625 0.048575129533678756
10 0.53662109375 0.3549222797927461 0.0205078125 0.03367875647668394
12 0.59619140625 0.28886010362694303 0.0263671875 0.033031088082901554
3 0.47119140625 0.7480569948186528 0.1171875 0.050518134715025906
4 0.5146484375 0.697538860103627 0.01904296875 0.05310880829015544
7 0.6240234375 0.7687823834196891 0.0400390625 0.05764248704663212
6 0.7138671875 0.44365284974093266 0.05078125 0.036917098445595854
2 0.54638671875 0.3756476683937824 0.02783203125 0.06735751295336788
6 0.58447265625 0.405440414507772 0.05078125 0.06735751295336788
2 0.58642578125 0.5103626943005182 0.015625 0.06994818652849741
4 0.65234375 0.41580310880829013 0.02783203125 0.048575129533678756
9 0.16015625 0.4410621761658031 0.0244140625 0.023316062176165803
4 0.6181640625 0.7389896373056994 0.0263671875 0.04922279792746114
0 0.5712890625 0.3853626943005181 0.0283203125 0.10621761658031088
7 0.6337890625 0.4883419689119171 0.05224609375 0.04209844559585492
11 0.34521484375 0.5712435233160622 0.01953125 0.03950777202072539
13 0.419921875 0.26424870466321243 0.0283203125 0.027202072538860103
1 0.52294921875 0.4883419689119171 0.025390625 0.034974093264248704
2 0.607421875 0.49870466321243523 0.03369140625 0.06476683937823834
5 0.55126953125 0.6800518134715026 0.06640625 0.05764248704663212
13 0.5615234375 0.14183937823834197 0.0185546875 0.025259067357512953
11 0.72265625 0.2655440414507772 0.017578125 0.038860103626943004
1 0.60107421875 0.7033678756476683 0.02783203125 0.031088082901554404
2 0.5537109375 0.716321243523316 0.0498046875 0.04339378238341969
6 0.57568359375 0.45531088082901555 0.04443359375 0.05829015544041451
13 0.37939453125 0.5297927461139896 0.0224609375 0.034974093264248704
11 0.42578125 0.1800518134715026 0.01953125 0.02655440414507772
12 0.23828125 0.25971502590673573 0.033203125 0.02266839378238342
5 0.32470703125 0.625 0.02978515625 0.09196891191709844
7 0.5751953125 0.7383419689119171 0.0498046875 0.042746113989637305
0 0.52685546875 0.41515544041450775 0.01904296875 0.1016839378238342
12 0.58935546875 0.5634715025906736 0.017578125 0.04145077720207254
3 0.6044921875 0.23639896373056996 0.076171875 0.13795336787564766
0 0.54931640625 0.5362694300518135 0.07470703125 0.04922279792746114
0 0.4833984375 0.7694300518134715 0.0771484375 0.03756476683937824
3 0.4658203125 0.6489637305699482 0.1005859375 0.11658031088082901
3 0.42138671875 0.4106217616580311 0.10107421875 0.1172279792746114
1 0.5283203125 0.6139896373056994 0.033203125 0.04145077720207254
8 0.56640625 0.4520725388601036 0.04248046875 0.04987046632124352
8 0.57177734375 0.4339378238341969 0.0458984375 0.04404145077720207
10 0.5791015625 0.3069948186528497 0.02197265625 0.03173575129533679
9 0.455078125 0.6781088082901554 0.017578125 0.027849740932642485