6 0.66650390625 0.7940414507772021 0.04736328125 0.016191709844559584
8 0.66064453125 0.6742227979274611 0.04736328125 0.03626943005181347
5 0.5478515625 0.5103626943005182 0.07373046875 0.03756476683937824
13 0.3583984375 0.6288860103626943 0.02734375 0.025259067357512953
8 0.68505859375 0.4067357512953368 0.04931640625 0.025259067357512953
9 0.4443359375 0.2959844559585492 0.021484375 0.017487046632124352
7 0.43115234375 0.49093264248704666 0.0146484375 0.054404145077720206
9 0.45849609375 0.30569948186528495 0.01708984375 0.031088082901554404
11 0.6806640625 0.27331606217616583 0.02685546875 0.031088082901554404
7 0.42333984375 0.44624352331606215 0.0341796875 0.06476683937823834
10 0.29638671875 0.5174870466321243 0.017578125 0.03367875647668394
12 0.39892578125 0.5492227979274611 0.02099609375 0.034974093264248704
9 0.4287109375 0.3076424870466321 0.02490234375 0.02461139896373057
13 0.69091796875 0.8128238341968912 0.029296875 0.01878238341968912
8 0.46044921875 0.5362694300518135 0.0419921875 0.04533678756476684
13 0.728515625 0.31023316062176165 0.02294921875 0.03432642487046632
10 0.4375 0.4119170984455959 0.02197265625 0.027202072538860103
11 0.66357421875 0.34974093264248707 0.02783203125 0.02849740932642487
12 0.6689453125 0.3698186528497409 0.02197265625 0.03821243523316062
4 0.49609375 0.508419689119171 0.0390625 0.02072538860103627
11 0.3017578125 0.5990932642487047 0.01708984375 0.04145077720207254
12 0.5537109375 0.2817357512953368 0.02685546875 0.02849740932642487
1 0.69970703125 0.6515544041450777 0.02734375 0.04145077720207254
6 0.3759765625 0.5252590673575129 0.0400390625 0.056347150259067356
10 0.3564453125 0.16321243523316062 0.021484375 0.031088082901554404
8 0.634765625 0.7383419689119171 0.01806640625 0.06930051813471502
0 0.47021484375 0.46113989637305697 0.0791015625 0.034974093264248704
5 0.68603515625 0.36917098445595853 0.04150390625 0.0705958549222798
1 0.31640625 0.6146373056994818 0.0263671875 0.03562176165803109
2 0.71630859375 0.31088082901554404 0.02587890625 0.0667098445595855
9 0.5107421875 0.7849740932642487 0.0234375 0.02655440414507772
5 0.64208984375 0.2849740932642487 0.05810546875 0.0744818652849741
7 0.7255859375 0.4481865284974093 0.02001953125 0.07383419689119171
10 0.42431640625 0.5479274611398963 0.0263671875 0.023316062176165803
1 0.54052734375 0.20854922279792745 0.02685546875 0.03562176165803109
4 0.5341796875 0.35103626943005184 0.03564453125 0.038860103626943004
6 0.3740234375 0.6139896373056994 0.01708984375 0.06865284974093264
2 0.44775390625 0.5123056994818653 0.02001953125 0.06994818652849741
0 0.64794921875 0.772020725388601 0.0498046875 0.09067357512953368
1 0.35888671875 0.47020725388601037 0.0302734375 0.04209844559585492
11 0.541015625 0.7189119170984456 0.0234375 0.040803108808290155
6 0.50341796875 0.47538860103626945 0.04345703125 0.05569948186528497
13 0.68798828125 0.5142487046632125 0.0185546875 0.03756476683937824
3 0.51611328125 0.42875647668393785 0.12060546875 0.034974093264248704
7 0.701171875 0.19689119170984457 0.044921875 0.04209844559585492
4 0.662109375 0.20984455958549222 0.03173828125 0.04145077720207254
2 0.69677734375 0.3128238341968912 0.03173828125 0.06347150259067358
3 0.50927734375 0.3018134715025907 0.072265625 0.14313471502590674
3 0.1748046875 0.6386010362694301 0.0283203125 0.16062176165803108
2 0.31787109375 0.4410621761658031 0.05029296875 0.034974093264248704
3 0.58984375 0.46049222797927464 0.11572265625 0.054404145077720206
0 0.4208984375 0.22279792746113988 0.07275390625 0.050518134715025906
0 0.7275390625 0.6476683937823834 0.06396484375 0.07512953367875648
5 0.3974609375 0.5129533678756477 0.0576171875 0.08031088082901554