6 0.7216796875 0.27914507772020725 0.01220703125 0.06282383419689119
8 0.63134765625 0.2869170984455959 0.02734375 0.06282383419689119
5 0.5078125 0.4365284974093264 0.0283203125 0.0977979274611399
13 0.59716796875 0.6878238341968912 0.01904296875 0.03626943005181347
8 0.4296875 0.2545336787564767 0.01904296875 0.06541450777202072
9 0.34619140625 0.5738341968911918 0.01318359375 0.02849740932642487
7 0.4931640625 0.591321243523316 0.041015625 0.019430051813471502
9 0.353515625 0.5550518134715026 0.0234375 0.02266839378238342
11 0.3291015625 0.2603626943005181 0.0234375 0.03562176165803109
7 0.45947265625 0.6016839378238342 0.048828125 0.04533678756476684
10 0.51318359375 0.7700777202072538 0.025390625 0.023316062176165803
12 0.537109375 0.6340673575129534 0.0263671875 0.027849740932642485
9 0.35498046875 0.594559585492228 0.0185546875 0.033031088082901554
13 0.73583984375 0.24676165803108807 0.01416015625 0.038860103626943004
8 0.52734375 0.552461139896373 0.0341796875 0.05569948186528497
13 0.35693359375 0.19689119170984457 0.02587890625 0.03044041450777202
10 0.43359375 0.582901554404145 0.0205078125 0.029145077720207253
11 0.38671875 0.28303108808290156 0.021484375 0.036917098445595854
12 0.40185546875 0.2759067357512953 0.02880859375 0.029145077720207253
4 0.50634765625 0.5051813471502591 0.015625 0.05181347150259067
11 0.57470703125 0.7629533678756477 0.03125 0.02266839378238342
12 0.33544921875 0.42875647668393785 0.021484375 0.03562176165803109
1 0.6142578125 0.23510362694300518 0.03125 0.03626943005181347
6 0.51904296875 0.6645077720207254 0.04248046875 0.05310880829015544
10 0.24609375 0.6904145077720207 0.0234375 0.02849740932642487
8 0.6796875 0.32124352331606215 0.05224609375 0.023963730569948185
0 0.470703125 0.5395077720207254 0.0263671875 0.10492227979274611
5 0.4013671875 0.25323834196891193 0.05322265625 0.05505181347150259
1 0.58642578125 0.7435233160621761 0.02685546875 0.034974093264248704
2 0.357421875 0.21308290155440415 0.05029296875 0.03432642487046632
9 0.71484375 0.48575129533678757 0.02001953125 0.031088082901554404
5 0.337890625 0.3115284974093264 0.05615234375 0.07707253886010362
7 0.4609375 0.20077720207253885 0.0556640625 0.02655440414507772
10 0.5361328125 0.6003886010362695 0.017578125 0.034974093264248704
1 0.2802734375 0.44624352331606215 0.02685546875 0.03562176165803109
4 0.3876953125 0.45466321243523317 0.029296875 0.04727979274611399
6 0.5859375 0.667098445595855 0.0517578125 0.02266839378238342
2 0.50927734375 0.569300518134715 0.052734375 0.02655440414507772
0 0.705078125 0.30375647668393785 0.068359375 0.06606217616580311
1 0.4775390625 0.6871761658031088 0.03173828125 0.04015544041450777
11 0.6650390625 0.44559585492227977 0.03076171875 0.031088082901554404
6 0.4814453125 0.4954663212435233 0.0419921875 0.05764248704663212
13 0.5107421875 0.2506476683937824 0.0283203125 0.02461139896373057
3 0.4462890625 0.4786269430051813 0.0263671875 0.15997409326424872
7 0.271484375 0.23316062176165803 0.03173828125 0.05958549222797927
4 0.28125 0.2849740932642487 0.03125 0.04209844559585492
2 0.35888671875 0.23898963730569947 0.0478515625 0.04209844559585492
3 0.3505859375 0.4876943005181347 0.10791015625 0.09585492227979274
3 0.6044921875 0.9313471502590673 0.12109375 0.03756476683937824
2 0.45556640625 0.741580310880829 0.0263671875 0.0667098445595855
3 0.47021484375 0.38082901554404147 0.041015625 0.15349740932642486
0 0.291015625 0.6049222797927462 0.0380859375 0.09650259067357513
0 0.611328125 0.19818652849740934 0.056640625 0.08484455958549222
5 0.509765625 0.6360103626943006 0.060546875 0.07642487046632124