3 0.5302734375 0.21761658031088082 0.0732421875 0.13924870466321243
8 0.71875 0.34132124352331605 0.03955078125 0.05116580310880829
7 0.5185546875 0.47085492227979275 0.05126953125 0.054404145077720206
5 0.53564453125 0.8555699481865285 0.07421875 0.03821243523316062
5 0.54150390625 0.7629533678756477 0.03515625 0.0939119170984456
5 0.55712890625 0.7454663212435233 0.029296875 0.10621761658031088
13 0.53955078125 0.41580310880829013 0.0166015625 0.04145077720207254
1 0.68310546875 0.6923575129533679 0.02685546875 0.03432642487046632
9 0.53564453125 0.3134715025906736 0.01708984375 0.02849740932642487
7 0.4130859375 0.6962435233160622 0.05712890625 0.02266839378238342
8 0.5908203125 0.7292746113989638 0.03466796875 0.05505181347150259
12 0.63671875 0.7629533678756477 0.01806640625 0.04145077720207254
8 0.59912109375 0.7655440414507773 0.04150390625 0.04209844559585492
10 0.50634765625 0.21308290155440415 0.02587890625 0.01878238341968912
13 0.62451171875 0.49028497409326427 0.03515625 0.023963730569948185
6 0.55078125 0.45595854922279794 0.0205078125 0.08160621761658031
10 0.54443359375 0.6612694300518135 0.01513671875 0.033031088082901554
13 0.45654296875 0.6742227979274611 0.0146484375 0.04145077720207254
7 0.63818359375 0.37694300518134716 0.02587890625 0.06994818652849741
4 0.86328125 0.37370466321243523 0.02294921875 0.04987046632124352
4 0.8203125 0.45531088082901555 0.03466796875 0.04145077720207254
11 0.4423828125 0.7027202072538861 0.01806640625 0.04209844559585492
7 0.58740234375 0.32577720207253885 0.05517578125 0.027849740932642485
12 0.75244140625 0.42875647668393785 0.03173828125 0.023316062176165803
1 0.59765625 0.7830310880829016 0.0302734375 0.03756476683937824
2 0.4619140625 0.38406735751295334 0.02490234375 0.06800518134715026
4 0.638671875 0.5226683937823834 0.01611328125 0.050518134715025906
1 0.63671875 0.8044041450777202 0.0263671875 0.03173575129533679
11 0.41943359375 0.6722797927461139 0.0185546875 0.042746113989637305
11 0.51708984375 0.711139896373057 0.02099609375 0.03950777202072539
10 0.44287109375 0.3873056994818653 0.02734375 0.027202072538860103
3 0.52587890625 0.7551813471502591 0.119140625 0.04922279792746114
0 0.55322265625 0.34132124352331605 0.0751953125 0.050518134715025906
8 0.47998046875 0.2422279792746114 0.04296875 0.05375647668393782
2 0.4775390625 0.3873056994818653 0.02587890625 0.0667098445595855
1 0.61865234375 0.29987046632124353 0.0322265625 0.044689119170984455
2 0.85888671875 0.45142487046632124 0.0341796875 0.056347150259067356
4 0.728515625 0.37759067357512954 0.03173828125 0.04533678756476684
9 0.5087890625 0.2933937823834197 0.01953125 0.03044041450777202
11 0.4580078125 0.5291450777202072 0.02197265625 0.03821243523316062
6 0.5068359375 0.3231865284974093 0.0400390625 0.06023316062176166
0 0.73388671875 0.7014248704663213 0.06689453125 0.06411917098445596
6 0.265625 0.47085492227979275 0.03466796875 0.06088082901554404
3 0.806640625 0.405440414507772 0.10302734375 0.0977979274611399
3 0.59228515625 0.38277202072538863 0.11376953125 0.06735751295336788
6 0.5244140625 0.43523316062176165 0.0205078125 0.0705958549222798
2 0.77001953125 0.35233160621761656 0.0439453125 0.05375647668393782
0 0.212890625 0.2849740932642487 0.033203125 0.09261658031088082
0 0.35888671875 0.24287564766839378 0.05029296875 0.09132124352331607
5 0.70068359375 0.685880829015544 0.0625 0.06735751295336788
13 0.705078125 0.31023316062176165 0.03076171875 0.04209844559585492
9 0.48583984375 0.4630829015544041 0.02294921875 0.044689119170984455
12 0.62158203125 0.7532383419689119 0.0224609375 0.033031088082901554
12 0.62109375 0.3743523316062176 0.02197265625 0.046632124352331605
10 0.55078125 0.7681347150259067 0.01904296875 0.03626943005181347