3 0.3671875 0.42357512953367876 0.0576171875 0.15997409326424872
9 0.751953125 0.37370466321243523 0.02197265625 0.029145077720207253
4 0.669921875 0.14766839378238342 0.01416015625 0.05505181347150259
7 0.375 0.48186528497409326 0.03466796875 0.07772020725388601
10 0.6533203125 0.43458549222797926 0.02490234375 0.019430051813471502
4 0.47314453125 0.5705958549222798 0.0126953125 0.05116580310880829
6 0.4384765625 0.4177461139896373 0.04736328125 0.03238341968911917
12 0.396484375 0.3134715025906736 0.01806640625 0.04145077720207254
7 0.4580078125 0.44041450777202074 0.04541015625 0.05116580310880829
12 0.70458984375 0.43458549222797926 0.02734375 0.023316062176165803
9 0.43603515625 0.1794041450777202 0.01708984375 0.02849740932642487
9 0.6337890625 0.1483160621761658 0.0224609375 0.02849740932642487
8 0.48486328125 0.26748704663212436 0.0537109375 0.027202072538860103
3 0.64892578125 0.15932642487046633 0.02197265625 0.15803108808290156
8 0.47705078125 0.18458549222797926 0.05126953125 0.02266839378238342
13 0.69677734375 0.47538860103626945 0.03125 0.020077720207253884
6 0.25439453125 0.5116580310880829 0.02685546875 0.06023316062176166
4 0.30859375 0.45595854922279794 0.021484375 0.06088082901554404
8 0.5869140625 0.3853626943005181 0.0390625 0.05375647668393782
11 0.4873046875 0.24611398963730569 0.03125 0.02655440414507772
7 0.4873046875 0.5414507772020726 0.02197265625 0.086139896373057
10 0.66552734375 0.2104922279792746 0.0205078125 0.03367875647668394
7 0.50341796875 0.37759067357512954 0.029296875 0.06865284974093264
12 0.71484375 0.24352331606217617 0.03125 0.023316062176165803
11 0.41748046875 0.21761658031088082 0.02294921875 0.036917098445595854
13 0.240234375 0.5012953367875648 0.02392578125 0.033031088082901554
1 0.41015625 0.3950777202072539 0.03173828125 0.042746113989637305
4 0.39697265625 0.17098445595854922 0.0283203125 0.046632124352331605
9 0.6337890625 0.20207253886010362 0.02099609375 0.029145077720207253
6 0.50048828125 0.6049222797927462 0.01513671875 0.07189119170984457
1 0.49169921875 0.39831606217616583 0.03125 0.04145077720207254
6 0.27197265625 0.5058290155440415 0.03271484375 0.05893782383419689
3 0.3291015625 0.4896373056994819 0.12060546875 0.0667098445595855
11 0.3564453125 0.7137305699481865 0.0302734375 0.025259067357512953
3 0.25830078125 0.5427461139896373 0.11572265625 0.05310880829015544
10 0.46484375 0.5453367875647669 0.01904296875 0.03367875647668394
2 0.4033203125 0.5660621761658031 0.041015625 0.06023316062176166
1 0.2255859375 0.41904145077720206 0.03173828125 0.04145077720207254
5 0.42236328125 0.5071243523316062 0.04833984375 0.09650259067357513
0 0.43310546875 0.5673575129533679 0.0673828125 0.0667098445595855
2 0.33203125 0.4585492227979275 0.041015625 0.06023316062176166
11 0.62841796875 0.616580310880829 0.02978515625 0.025906735751295335
12 0.4833984375 0.6036269430051814 0.0234375 0.03821243523316062
0 0.490234375 0.28886010362694303 0.07568359375 0.02655440414507772
2 0.62255859375 0.2920984455958549 0.0390625 0.06023316062176166
5 0.55712890625 0.3588082901554404 0.05908203125 0.0783678756476684
0 0.3076171875 0.5505181347150259 0.068359375 0.06541450777202072
2 0.701171875 0.3329015544041451 0.04248046875 0.056347150259067356
0 0.7236328125 0.4216321243523316 0.044921875 0.09520725388601037
1 0.51123046875 0.211139896373057 0.02880859375 0.03432642487046632
5 0.42236328125 0.5395077720207254 0.0654296875 0.06476683937823834
10 0.4833984375 0.5718911917098446 0.01513671875 0.03238341968911917
8 0.66064453125 0.16256476683937823 0.0166015625 0.06735751295336788
13 0.44384765625 0.5349740932642487 0.021484375 0.03756476683937824
13 0.3076171875 0.4209844559585492 0.02734375 0.027202072538860103