3 0.6474609375 0.4481865284974093 0.11279296875 0.07577720207253887
3 0.4619140625 0.9229274611398963 0.07958984375 0.13665803108808292
7 0.314453125 0.49028497409326427 0.04931640625 0.042746113989637305
8 0.2890625 0.4954663212435233 0.0234375 0.06541450777202072
0 0.3134765625 0.5382124352331606 0.0556640625 0.08419689119170984
9 0.306640625 0.5187823834196891 0.02001953125 0.02461139896373057
7 0.58642578125 0.7784974093264249 0.04931640625 0.04339378238341969
7 0.29638671875 0.6211139896373057 0.0556640625 0.025259067357512953
8 0.58740234375 0.43976683937823835 0.041015625 0.04727979274611399
12 0.67138671875 0.6878238341968912 0.013671875 0.044689119170984455
10 0.3720703125 0.6262953367875648 0.02587890625 0.027849740932642485
5 0.65478515625 0.7344559585492227 0.07275390625 0.03756476683937824
6 0.3544921875 0.6107512953367875 0.0146484375 0.07189119170984457
12 0.5419921875 0.8018134715025906 0.02880859375 0.03044041450777202
13 0.560546875 0.36139896373056996 0.0234375 0.02849740932642487
10 0.37548828125 0.33743523316062174 0.02587890625 0.017487046632124352
1 0.583984375 0.805699481865285 0.02783203125 0.03756476683937824
12 0.2998046875 0.5919689119170984 0.01708984375 0.04015544041450777
11 0.49365234375 0.22538860103626943 0.02880859375 0.023963730569948185
10 0.6806640625 0.508419689119171 0.0263671875 0.019430051813471502
8 0.517578125 0.8031088082901554 0.04248046875 0.04727979274611399
8 0.63330078125 0.5531088082901554 0.017578125 0.07253886010362694
11 0.61962890625 0.4339378238341969 0.025390625 0.03950777202072539
4 0.43115234375 0.9352331606217616 0.0224609375 0.05181347150259067
10 0.6044921875 0.43458549222797926 0.0234375 0.03238341968911917
4 0.5009765625 0.9339378238341969 0.03125 0.042746113989637305
4 0.4833984375 0.9566062176165803 0.013671875 0.05505181347150259
3 0.34326171875 0.5990932642487047 0.02685546875 0.16191709844559585
5 0.65380859375 0.5110103626943006 0.072265625 0.046632124352331605
11 0.60107421875 0.5796632124352331 0.0244140625 0.027849740932642485
12 0.58544921875 0.5569948186528497 0.03076171875 0.02849740932642487
7 0.57763671875 0.280440414507772 0.0244140625 0.07253886010362694
1 0.64990234375 0.6645077720207254 0.0244140625 0.03562176165803109
13 0.4560546875 0.6275906735751295 0.02587890625 0.027849740932642485
4 0.43115234375 0.48639896373056996 0.03759765625 0.029792746113989636
13 0.47802734375 0.7376943005181347 0.0234375 0.03367875647668394
5 0.7802734375 0.5569948186528497 0.06787109375 0.05375647668393782
11 0.5498046875 0.3393782383419689 0.02880859375 0.03367875647668394
5 0.71923828125 0.49352331606217614 0.0703125 0.046632124352331605
1 0.6650390625 0.5880829015544041 0.02783203125 0.03238341968911917
2 0.47802734375 0.9838082901554405 0.037109375 0.031088082901554404
2 0.3935546875 0.4727979274611399 0.044921875 0.054404145077720206
2 0.50146484375 0.8121761658031088 0.03662109375 0.06411917098445596
6 0.31591796875 0.28821243523316065 0.04345703125 0.05375647668393782
6 0.39501953125 0.572538860103627 0.05322265625 0.029145077720207253
0 0.33740234375 0.11852331606217617 0.0703125 0.04404145077720207
3 0.3955078125 0.6664507772020726 0.0458984375 0.15284974093264247
0 0.30517578125 0.8924870466321243 0.0634765625 0.07253886010362694
0 0.70751953125 0.7849740932642487 0.06494140625 0.06347150259067358
6 0.35009765625 0.5045336787564767 0.03466796875 0.06023316062176166
1 0.6943359375 0.7331606217616581 0.02490234375 0.034974093264248704
9 0.3251953125 0.5064766839378239 0.01513671875 0.022020725388601035
9 0.373046875 0.5582901554404145 0.01708984375 0.023963730569948185
9 0.3359375 0.6522020725388601 0.01806640625 0.02655440414507772
13 0.40087890625 0.5971502590673575 0.0166015625 0.038860103626943004
2 0.3916015625 0.4533678756476684 0.046875 0.04339378238341969