8 0.50244140625 0.09715025906735751 0.0400390625 0.05116580310880829
7 0.69580078125 0.7072538860103627 0.01708984375 0.07189119170984457
13 0.5654296875 0.04533678756476684 0.0146484375 0.04015544041450777
9 0.43505859375 0.6262953367875648 0.02490234375 0.023963730569948185
5 0.6923828125 0.6049222797927462 0.0791015625 0.027849740932642485
9 0.44970703125 0.21502590673575128 0.0185546875 0.02461139896373057
3 0.44091796875 0.31994818652849744 0.0166015625 0.16256476683937823
4 0.462890625 0.6049222797927462 0.04150390625 0.02266839378238342
9 0.62353515625 0.5926165803108808 0.0166015625 0.033031088082901554
13 0.39697265625 0.26748704663212436 0.0234375 0.031088082901554404
12 0.42822265625 0.4727979274611399 0.01953125 0.04339378238341969
10 0.49560546875 0.586139896373057 0.02392578125 0.031088082901554404
13 0.5068359375 0.29468911917098445 0.0185546875 0.03626943005181347
5 0.23583984375 0.6444300518134715 0.06689453125 0.050518134715025906
6 0.41064453125 0.2920984455958549 0.029296875 0.06282383419689119
12 0.49853515625 0.7150259067357513 0.033203125 0.01878238341968912
8 0.73974609375 0.5809585492227979 0.01611328125 0.06735751295336788
11 0.46484375 0.35103626943005184 0.01904296875 0.03626943005181347
11 0.638671875 0.5259067357512953 0.02734375 0.034974093264248704
6 0.29052734375 0.5744818652849741 0.05322265625 0.017487046632124352
7 0.37890625 0.34067357512953367 0.01806640625 0.07901554404145078
11 0.28076171875 0.5511658031088082 0.025390625 0.03432642487046632
4 0.6728515625 0.6897668393782384 0.03662109375 0.03756476683937824
5 0.4638671875 0.2104922279792746 0.01416015625 0.10621761658031088
6 0.634765625 0.38860103626943004 0.0458984375 0.038860103626943004
7 0.26318359375 0.5511658031088082 0.015625 0.07512953367875648
11 0.6875 0.6262953367875648 0.0234375 0.038860103626943004
13 0.79248046875 0.4993523316062176 0.02197265625 0.03562176165803109
5 0.74951171875 0.6172279792746114 0.05029296875 0.08484455958549222
6 0.54736328125 0.036917098445595854 0.0478515625 0.036917098445595854
1 0.376953125 0.34067357512953367 0.0283203125 0.038860103626943004
2 0.7490234375 0.6418393782383419 0.03662109375 0.06282383419689119
0 0.66357421875 0.05569948186528497 0.0712890625 0.038860103626943004
1 0.4931640625 0.8471502590673575 0.0263671875 0.03821243523316062
1 0.2939453125 0.7059585492227979 0.02978515625 0.038860103626943004
0 0.4833984375 0.14248704663212436 0.06982421875 0.05116580310880829
10 0.21142578125 0.6871761658031088 0.021484375 0.03173575129533679
2 0.6875 0.6547927461139896 0.0498046875 0.03367875647668394
10 0.3154296875 0.8691709844559585 0.017578125 0.03238341968911917
12 0.384765625 0.2869170984455959 0.02001953125 0.046632124352331605
3 0.48681640625 0.27461139896373055 0.03662109375 0.15932642487046633
2 0.45751953125 0.4015544041450777 0.02294921875 0.07253886010362694
4 0.58349609375 0.6366580310880829 0.0166015625 0.05569948186528497
2 0.4072265625 0.4164507772020725 0.0244140625 0.06800518134715026
3 0.59423828125 0.5103626943005182 0.1220703125 0.03238341968911917
0 0.6533203125 0.35038860103626945 0.037109375 0.09715025906735751
3 0.654296875 0.4682642487046632 0.064453125 0.14961139896373057
0 0.50732421875 0.6243523316062176 0.06005859375 0.08549222797927461
1 0.455078125 0.2933937823834197 0.0263671875 0.03626943005181347
4 0.40966796875 0.3756476683937824 0.04052734375 0.036917098445595854
7 0.6748046875 0.5900259067357513 0.05810546875 0.023316062176165803
8 0.3662109375 0.16062176165803108 0.015625 0.06865284974093264
12 0.7294921875 0.6178756476683938 0.013671875 0.04404145077720207
10 0.42724609375 0.3536269430051813 0.025390625 0.02461139896373057
8 0.45263671875 0.34520725388601037 0.017578125 0.06930051813471502
9 0.5556640625 0.5835492227979274 0.017578125 0.031088082901554404