12 0.4248046875 0.6968911917098446 0.02783203125 0.03044041450777202
3 0.37646484375 0.7182642487046632 0.09375 0.1172279792746114
5 0.74072265625 0.6262953367875648 0.06494140625 0.06476683937823834
9 0.5673828125 0.6405440414507773 0.0146484375 0.03173575129533679
8 0.548828125 0.4119170984455959 0.03955078125 0.05505181347150259
8 0.65087890625 0.4993523316062176 0.0615234375 0.019430051813471502
10 0.43505859375 0.8465025906735751 0.01416015625 0.03626943005181347
4 0.5810546875 0.5796632124352331 0.04052734375 0.04015544041450777
10 0.57861328125 0.6502590673575129 0.015625 0.03238341968911917
11 0.58642578125 0.7040155440414507 0.02490234375 0.03432642487046632
5 0.65185546875 0.6288860103626943 0.07421875 0.02266839378238342
13 0.63232421875 0.7014248704663213 0.02587890625 0.025259067357512953
13 0.50927734375 0.7208549222797928 0.02001953125 0.034974093264248704
9 0.37109375 0.7467616580310881 0.02294921875 0.029145077720207253
4 0.3310546875 0.4805699481865285 0.0439453125 0.022020725388601035
3 0.52685546875 0.4319948186528497 0.11279296875 0.027849740932642485
11 0.62158203125 0.5110103626943006 0.01953125 0.03626943005181347
1 0.55712890625 0.5453367875647669 0.029296875 0.03950777202072539
1 0.4619140625 0.7875647668393783 0.02783203125 0.033031088082901554
4 0.56591796875 0.3873056994818653 0.02392578125 0.052461139896373056
6 0.68798828125 0.5971502590673575 0.03271484375 0.06217616580310881
1 0.5791015625 0.8283678756476683 0.03173828125 0.04209844559585492
13 0.7080078125 0.6353626943005182 0.0244140625 0.02849740932642487
6 0.67333984375 0.8257772020725389 0.03662109375 0.05699481865284974
8 0.3544921875 0.4883419689119171 0.04736328125 0.04598445595854922
0 0.55712890625 0.685880829015544 0.02001953125 0.10751295336787564
6 0.404296875 0.5809585492227979 0.05322265625 0.022020725388601035
5 0.654296875 0.5615284974093264 0.0673828125 0.05699481865284974
10 0.68017578125 0.6768134715025906 0.0224609375 0.027202072538860103
3 0.34130859375 0.8769430051813472 0.11767578125 0.027849740932642485
1 0.39306640625 0.29922279792746115 0.029296875 0.038860103626943004
4 0.43359375 0.8095854922279793 0.0166015625 0.052461139896373056
10 0.322265625 0.8918393782383419 0.0263671875 0.016191709844559584
11 0.462890625 0.8465025906735751 0.02783203125 0.03238341968911917
7 0.560546875 0.7681347150259067 0.03564453125 0.06217616580310881
2 0.59765625 0.552461139896373 0.0517578125 0.04598445595854922
11 0.53466796875 0.5498704663212435 0.0205078125 0.04209844559585492
0 0.67138671875 0.7823834196891192 0.0390625 0.09261658031088082
3 0.3193359375 0.6800518134715026 0.11181640625 0.05116580310880829
2 0.32177734375 0.3866580310880829 0.03173828125 0.06930051813471502
0 0.71923828125 0.8063471502590673 0.044921875 0.08808290155440414
6 0.4091796875 0.7227979274611399 0.01904296875 0.06994818652849741
0 0.60693359375 0.5764248704663213 0.072265625 0.05893782383419689
2 0.525390625 0.7623056994818653 0.04150390625 0.06023316062176166
2 0.70458984375 0.6988341968911918 0.0390625 0.06088082901554404
8 0.35791015625 0.5090673575129534 0.0478515625 0.04209844559585492
9 0.6669921875 0.6159326424870466 0.0224609375 0.029145077720207253
13 0.611328125 0.6081606217616581 0.03173828125 0.025259067357512953
9 0.55517578125 0.39248704663212436 0.01611328125 0.03238341968911917
12 0.35888671875 0.719559585492228 0.0302734375 0.03432642487046632
12 0.57275390625 0.564119170984456 0.0234375 0.03756476683937824
7 0.58740234375 0.6826424870466321 0.04931640625 0.038860103626943004
7 0.5546875 0.8989637305699482 0.03271484375 0.06541450777202072
7 0.34130859375 0.8510362694300518 0.05029296875 0.03432642487046632
12 0.58349609375 0.7435233160621761 0.02978515625 0.038860103626943004