12 0.7109375 0.37305699481865284 0.013671875 0.04404145077720207
9 0.470703125 0.2603626943005181 0.01953125 0.027202072538860103
5 0.58642578125 0.4255181347150259 0.0341796875 0.09650259067357513
13 0.45361328125 0.2869170984455959 0.02392578125 0.020077720207253884
4 0.3017578125 0.3853626943005181 0.017578125 0.05375647668393782
12 0.35205078125 0.375 0.02880859375 0.03756476683937824
0 0.46630859375 0.2914507772020725 0.0400390625 0.09326424870466321
13 0.70361328125 0.41904145077720206 0.01806640625 0.04015544041450777
7 0.51708984375 0.591321243523316 0.02099609375 0.0667098445595855
8 0.71044921875 0.49158031088082904 0.048828125 0.01878238341968912
8 0.38427734375 0.5654145077720207 0.04150390625 0.054404145077720206
7 0.384765625 0.582901554404145 0.044921875 0.05505181347150259
12 0.6962890625 0.3490932642487047 0.0419921875 0.02266839378238342
9 0.73193359375 0.24676165803108807 0.02392578125 0.023963730569948185
10 0.6904296875 0.40803108808290156 0.01806640625 0.03950777202072539
8 0.48046875 0.35103626943005184 0.04541015625 0.04015544041450777
8 0.46484375 0.37240932642487046 0.0234375 0.06476683937823834
5 0.373046875 0.4067357512953368 0.0107421875 0.1055699481865285
4 0.3369140625 0.5356217616580311 0.03515625 0.04145077720207254
9 0.59033203125 0.20660621761658032 0.01806640625 0.03367875647668394
10 0.44775390625 0.3244818652849741 0.0244140625 0.019430051813471502
6 0.4892578125 0.28886010362694303 0.0205078125 0.06476683937823834
10 0.69189453125 0.375 0.02685546875 0.023316062176165803
6 0.6689453125 0.7150259067357513 0.05419921875 0.02266839378238342
1 0.34521484375 0.19365284974093264 0.02734375 0.03821243523316062
13 0.3193359375 0.6755181347150259 0.0205078125 0.034974093264248704
1 0.41943359375 0.6152849740932642 0.025390625 0.03367875647668394
2 0.68115234375 0.4727979274611399 0.01806640625 0.06865284974093264
10 0.3359375 0.5110103626943006 0.0185546875 0.03562176165803109
3 0.48876953125 0.6243523316062176 0.11962890625 0.038860103626943004
4 0.5859375 0.6483160621761658 0.0283203125 0.052461139896373056
11 0.3212890625 0.14572538860103626 0.02685546875 0.029145077720207253
11 0.65966796875 0.685880829015544 0.021484375 0.04209844559585492
6 0.6259765625 0.7946891191709845 0.04833984375 0.04015544041450777
7 0.564453125 0.41386010362694303 0.01708984375 0.0744818652849741
6 0.44384765625 0.5459844559585493 0.046875 0.04792746113989637
1 0.3671875 0.08678756476683938 0.0263671875 0.03367875647668394
11 0.61669921875 0.7739637305699482 0.03173828125 0.025906735751295335
3 0.65283203125 0.44689119170984454 0.07373046875 0.13989637305699482
1 0.38671875 0.38212435233160624 0.02587890625 0.03562176165803109
3 0.412109375 0.6658031088082902 0.12158203125 0.031088082901554404
3 0.541015625 0.697538860103627 0.115234375 0.06347150259067358
2 0.466796875 0.6444300518134715 0.05029296875 0.025259067357512953
0 0.3017578125 0.5738341968911918 0.03271484375 0.09909326424870467
11 0.60205078125 0.4572538860103627 0.02734375 0.029145077720207253
0 0.58056640625 0.11917098445595854 0.04443359375 0.08937823834196891
2 0.6513671875 0.5006476683937824 0.046875 0.05116580310880829
2 0.72265625 0.46243523316062174 0.04931640625 0.042746113989637305
0 0.25048828125 0.905440414507772 0.03662109375 0.09520725388601037
4 0.6845703125 0.3594559585492228 0.04248046875 0.02266839378238342
7 0.4287109375 0.36528497409326427 0.02783203125 0.07707253886010362
12 0.43310546875 0.29080310880829013 0.0380859375 0.03821243523316062
13 0.3662109375 0.5874352331606217 0.0126953125 0.04339378238341969
5 0.36083984375 0.6120466321243523 0.03759765625 0.09132124352331607