9 0.28076171875 0.20854922279792745 0.02392578125 0.023963730569948185
7 0.2958984375 0.5803108808290155 0.05517578125 0.022020725388601035
4 0.30517578125 0.6101036269430051 0.017578125 0.05829015544041451
13 0.67626953125 0.3711139896373057 0.01806640625 0.03626943005181347
9 0.28759765625 0.5919689119170984 0.0205078125 0.031088082901554404
7 0.49462890625 0.6113989637305699 0.03125 0.0667098445595855
10 0.5703125 0.3626943005181347 0.01513671875 0.033031088082901554
8 0.3056640625 0.5161917098445595 0.0478515625 0.042746113989637305
10 0.380859375 0.03367875647668394 0.02392578125 0.02461139896373057
13 0.30712890625 0.14507772020725387 0.02685546875 0.023963730569948185
9 0.64990234375 0.3082901554404145 0.017578125 0.03173575129533679
5 0.50927734375 0.08031088082901554 0.06689453125 0.05116580310880829
13 0.5849609375 0.18588082901554404 0.017578125 0.023316062176165803
8 0.45947265625 0.6191709844559585 0.0185546875 0.06800518134715026
11 0.63330078125 0.20531088082901555 0.03564453125 0.02461139896373057
9 0.419921875 0.09455958549222798 0.02197265625 0.02266839378238342
4 0.49365234375 0.09844559585492228 0.0283203125 0.04727979274611399
5 0.52880859375 0.7091968911917098 0.0751953125 0.03950777202072539
6 0.5712890625 0.4326424870466321 0.02490234375 0.0705958549222798
13 0.40185546875 0.625 0.02392578125 0.03238341968911917
10 0.58447265625 0.43911917098445596 0.017578125 0.03238341968911917
5 0.3076171875 0.4844559585492228 0.06982421875 0.03044041450777202
1 0.685546875 0.2856217616580311 0.0263671875 0.03238341968911917
12 0.6083984375 0.202720207253886 0.0302734375 0.03044041450777202
5 0.41162109375 0.23834196891191708 0.0400390625 0.08937823834196891
11 0.56884765625 0.4073834196891192 0.0234375 0.03626943005181347
11 0.35595703125 0.10038860103626943 0.0205078125 0.04015544041450777
7 0.23291015625 0.4844559585492228 0.0224609375 0.07189119170984457
1 0.6005859375 0.6139896373056994 0.0263671875 0.036917098445595854
6 0.43212890625 0.5965025906735751 0.029296875 0.06541450777202072
3 0.62548828125 0.5848445595854922 0.03515625 0.15867875647668395
11 0.5556640625 0.5997409326424871 0.02685546875 0.03626943005181347
2 0.23486328125 0.3167098445595855 0.03759765625 0.06865284974093264
2 0.5634765625 0.6489637305699482 0.01708984375 0.06735751295336788
1 0.53564453125 0.5705958549222798 0.03076171875 0.04339378238341969
10 0.6494140625 0.6055699481865285 0.02099609375 0.031088082901554404
8 0.6298828125 0.22538860103626943 0.04736328125 0.031088082901554404
4 0.50341796875 0.6528497409326425 0.03857421875 0.027202072538860103
0 0.65625 0.7266839378238342 0.02197265625 0.10103626943005181
1 0.27978515625 0.4961139896373057 0.02783203125 0.03756476683937824
8 0.47119140625 0.03367875647668394 0.04150390625 0.046632124352331605
2 0.5322265625 0.6865284974093264 0.04541015625 0.04727979274611399
0 0.45947265625 0.07253886010362694 0.07470703125 0.02266839378238342
6 0.59765625 0.47474093264248707 0.01611328125 0.06930051813471502
0 0.35107421875 0.5207253886010362 0.03271484375 0.10038860103626943
7 0.6455078125 0.40025906735751293 0.03515625 0.06347150259067358
3 0.38427734375 0.31865284974093266 0.10595703125 0.08354922279792747
0 0.3310546875 0.3400259067357513 0.03662109375 0.1016839378238342
3 0.7265625 0.22538860103626943 0.06787109375 0.14702072538860103
2 0.3125 0.09196891191709844 0.0458984375 0.044689119170984455
3 0.5615234375 0.29533678756476683 0.05859375 0.14766839378238342
6 0.6083984375 0.8555699481865285 0.0458984375 0.042746113989637305
12 0.384765625 0.6314766839378239 0.0205078125 0.04987046632124352
4 0.34228515625 0.0977979274611399 0.0224609375 0.06088082901554404
12 0.69580078125 0.2661917098445596 0.0322265625 0.03562176165803109
12 0.49072265625 0.6871761658031088 0.03759765625 0.027202072538860103