3 0.68408203125 0.29922279792746115 0.0908203125 0.12953367875647667
9 0.59130859375 0.34067357512953367 0.01953125 0.03562176165803109
13 0.40380859375 0.25712435233160624 0.0244140625 0.03044041450777202
13 0.46435546875 0.47797927461139894 0.02734375 0.027849740932642485
6 0.482421875 0.49028497409326427 0.04296875 0.05375647668393782
13 0.4267578125 0.40479274611398963 0.02685546875 0.027202072538860103
5 0.56201171875 0.20595854922279794 0.01708984375 0.11139896373056994
9 0.60107421875 0.12694300518134716 0.0205078125 0.025906735751295335
1 0.33447265625 0.21308290155440415 0.02490234375 0.03821243523316062
12 0.67041015625 0.28303108808290156 0.03271484375 0.019430051813471502
5 0.35205078125 0.21437823834196892 0.02734375 0.09132124352331607
13 0.28076171875 0.5239637305699482 0.029296875 0.02072538860103627
6 0.37255859375 0.16709844559585493 0.05322265625 0.018134715025906734
12 0.52587890625 0.5129533678756477 0.03173828125 0.015544041450777202
8 0.583984375 0.2422279792746114 0.0390625 0.05569948186528497
8 0.66845703125 0.26424870466321243 0.04833984375 0.03432642487046632
10 0.28173828125 0.46632124352331605 0.02197265625 0.03044041450777202
4 0.6787109375 0.4676165803108808 0.02490234375 0.04792746113989637
8 0.65673828125 0.483160621761658 0.0400390625 0.04987046632124352
12 0.357421875 0.19300518134715025 0.02294921875 0.03626943005181347
9 0.72412109375 0.35751295336787564 0.02587890625 0.025259067357512953
11 0.5771484375 0.14313471502590674 0.02099609375 0.03626943005181347
7 0.31201171875 0.20919689119170984 0.04345703125 0.04987046632124352
12 0.5263671875 0.41515544041450775 0.02587890625 0.03367875647668394
11 0.27734375 0.36075129533678757 0.029296875 0.023963730569948185
4 0.53515625 0.14572538860103626 0.0400390625 0.017487046632124352
10 0.3740234375 0.6185233160621761 0.02197265625 0.02849740932642487
10 0.64404296875 0.3121761658031088 0.025390625 0.021373056994818652
7 0.47412109375 0.7376943005181347 0.0537109375 0.02849740932642487
8 0.55810546875 0.5174870466321243 0.03857421875 0.05375647668393782
5 0.6630859375 0.5401554404145078 0.05810546875 0.0667098445595855
6 0.404296875 0.49870466321243523 0.05517578125 0.02072538860103627
9 0.5068359375 0.6042746113989638 0.02099609375 0.029792746113989636
1 0.6494140625 0.3950777202072539 0.03125 0.03821243523316062
2 0.732421875 0.15284974093264247 0.0498046875 0.03367875647668394
4 0.53466796875 0.3490932642487047 0.01953125 0.05310880829015544
11 0.681640625 0.6016839378238342 0.02880859375 0.02461139896373057
1 0.716796875 0.18199481865284975 0.0302734375 0.04015544041450777
7 0.51318359375 0.3322538860103627 0.0205078125 0.06735751295336788
0 0.7021484375 0.5854922279792746 0.0703125 0.06541450777202072
7 0.6123046875 0.7305699481865285 0.0390625 0.06088082901554404
4 0.44091796875 0.40932642487046633 0.029296875 0.04727979274611399
6 0.3955078125 0.5200777202072538 0.048828125 0.02849740932642487
11 0.68017578125 0.3957253886010363 0.0224609375 0.04015544041450777
2 0.4912109375 0.4423575129533679 0.029296875 0.06606217616580311
0 0.54736328125 0.23834196891191708 0.0517578125 0.08808290155440414
0 0.20654296875 0.6295336787564767 0.033203125 0.0977979274611399
2 0.6279296875 0.24740932642487046 0.03173828125 0.0667098445595855
2 0.486328125 0.405440414507772 0.03125 0.0667098445595855
3 0.50732421875 0.20077720207253885 0.0830078125 0.13406735751295337
3 0.310546875 0.3944300518134715 0.0888671875 0.13601036269430053
0 0.61083984375 0.6884715025906736 0.06982421875 0.06217616580310881
3 0.466796875 0.5595854922279793 0.076171875 0.14183937823834197
1 0.73583984375 0.19883419689119172 0.02587890625 0.040803108808290155
10 0.56103515625 0.15090673575129535 0.01611328125 0.03562176165803109