10 0.27099609375 0.5906735751295337 0.025390625 0.019430051813471502
9 0.68115234375 0.6729274611398963 0.017578125 0.023963730569948185
12 0.4970703125 0.7674870466321243 0.0205078125 0.04015544041450777
12 0.51025390625 0.3180051813471503 0.03271484375 0.02461139896373057
7 0.306640625 0.5971502590673575 0.052734375 0.044689119170984455
4 0.60986328125 0.802461139896373 0.03857421875 0.03173575129533679
13 0.322265625 0.6444300518134715 0.02001953125 0.04145077720207254
9 0.623046875 0.8134715025906736 0.0224609375 0.019430051813471502
12 0.61376953125 0.36658031088082904 0.0146484375 0.04404145077720207
5 0.67041015625 0.5071243523316062 0.0712890625 0.01683937823834197
4 0.44921875 0.35621761658031087 0.0263671875 0.050518134715025906
13 0.34375 0.7713730569948186 0.02685546875 0.029792746113989636
1 0.34033203125 0.7448186528497409 0.0244140625 0.03044041450777202
9 0.71044921875 0.38406735751295334 0.02294921875 0.022020725388601035
7 0.77490234375 0.5142487046632125 0.015625 0.0705958549222798
7 0.72021484375 0.42357512953367876 0.05224609375 0.016191709844559584
10 0.5986328125 0.966321243523316 0.0205078125 0.03432642487046632
13 0.43994140625 0.7312176165803109 0.03173828125 0.02461139896373057
8 0.6494140625 0.47020725388601037 0.01708984375 0.07318652849740932
11 0.31103515625 0.647020725388601 0.0166015625 0.038860103626943004
7 0.61669921875 0.5718911917098446 0.05078125 0.02655440414507772
6 0.318359375 0.5958549222797928 0.04443359375 0.04792746113989637
4 0.693359375 0.3898963730569948 0.01708984375 0.056347150259067356
5 0.474609375 0.31476683937823835 0.07470703125 0.04598445595854922
6 0.439453125 0.3167098445595855 0.04443359375 0.04922279792746114
8 0.380859375 0.7966321243523317 0.021484375 0.06282383419689119
11 0.615234375 0.7830310880829016 0.03125 0.02266839378238342
1 0.39599609375 0.6373056994818653 0.0263671875 0.034974093264248704
2 0.61181640625 0.5459844559585493 0.05322265625 0.042746113989637305
0 0.6279296875 0.5187823834196891 0.0361328125 0.09974093264248704
1 0.76025390625 0.5148963730569949 0.025390625 0.03626943005181347
3 0.4541015625 0.7202072538860104 0.1162109375 0.06347150259067358
3 0.36669921875 0.5919689119170984 0.02099609375 0.16126943005181346
13 0.59765625 0.375 0.0244140625 0.03238341968911917
1 0.4228515625 0.6496113989637305 0.03076171875 0.03950777202072539
4 0.50927734375 0.9365284974093264 0.02392578125 0.04598445595854922
6 0.2900390625 0.5323834196891192 0.03271484375 0.06476683937823834
0 0.591796875 0.45077720207253885 0.025390625 0.10427461139896373
11 0.357421875 0.7312176165803109 0.02490234375 0.03367875647668394
11 0.54150390625 0.4430051813471503 0.02197265625 0.04339378238341969
3 0.4580078125 0.8827720207253886 0.1201171875 0.027202072538860103
2 0.50341796875 0.3795336787564767 0.05029296875 0.03367875647668394
0 0.599609375 0.9319948186528497 0.06787109375 0.06930051813471502
2 0.6572265625 0.6502590673575129 0.03515625 0.06735751295336788
3 0.37646484375 0.7014248704663213 0.10205078125 0.11269430051813471
0 0.3916015625 0.3860103626943005 0.0263671875 0.10427461139896373
2 0.49609375 0.344559585492228 0.048828125 0.042746113989637305
9 0.33056640625 0.7655440414507773 0.02099609375 0.02266839378238342
5 0.439453125 0.822538860103627 0.0458984375 0.08743523316062177
5 0.5673828125 0.9624352331606217 0.052734375 0.04792746113989637
10 0.39794921875 0.4520725388601036 0.02783203125 0.03432642487046632
8 0.60302734375 0.5796632124352331 0.05322265625 0.03950777202072539
10 0.27978515625 0.5440414507772021 0.02197265625 0.02655440414507772