13 0.4931640625 0.5297927461139896 0.02685546875 0.025906735751295335
13 0.52197265625 0.5168393782383419 0.01953125 0.03756476683937824
12 0.2861328125 0.3089378238341969 0.037109375 0.02266839378238342
4 0.2568359375 0.41904145077720206 0.01513671875 0.05375647668393782
4 0.26220703125 0.31994818652849744 0.01904296875 0.054404145077720206
10 0.52392578125 0.7487046632124352 0.0185546875 0.03432642487046632
4 0.30322265625 0.29080310880829013 0.0419921875 0.02461139896373057
9 0.34716796875 0.49093264248704666 0.02880859375 0.025259067357512953
8 0.3984375 0.6917098445595855 0.0400390625 0.05569948186528497
11 0.5771484375 0.5673575129533679 0.021484375 0.04015544041450777
5 0.2314453125 0.4365284974093264 0.07177734375 0.044689119170984455
7 0.64990234375 0.7778497409326425 0.0185546875 0.06865284974093264
7 0.31884765625 0.48639896373056996 0.03271484375 0.07124352331606218
8 0.3662109375 0.38924870466321243 0.03759765625 0.06217616580310881
10 0.61865234375 0.31411917098445596 0.01806640625 0.03238341968911917
8 0.41259765625 0.38212435233160624 0.05126953125 0.01683937823834197
9 0.5234375 0.4727979274611399 0.01904296875 0.033031088082901554
1 0.3603515625 0.42033678756476683 0.02587890625 0.03367875647668394
5 0.53857421875 0.802461139896373 0.01708984375 0.10038860103626943
6 0.603515625 0.5615284974093264 0.05517578125 0.029792746113989636
7 0.3330078125 0.48704663212435234 0.02001953125 0.07642487046632124
8 0.42529296875 0.7260362694300518 0.0537109375 0.020077720207253884
11 0.6103515625 0.7182642487046632 0.01806640625 0.038860103626943004
6 0.7880859375 0.522020725388601 0.017578125 0.06865284974093264
11 0.6650390625 0.6185233160621761 0.0185546875 0.04015544041450777
5 0.44482421875 0.7707253886010362 0.06005859375 0.07772020725388601
5 0.55078125 0.8769430051813472 0.03466796875 0.09326424870466321
13 0.52001953125 0.41256476683937826 0.01708984375 0.03950777202072539
10 0.58740234375 0.758419689119171 0.02685546875 0.023316062176165803
1 0.45263671875 0.20142487046632124 0.0283203125 0.03821243523316062
1 0.39990234375 0.7810880829015544 0.02734375 0.03238341968911917
2 0.3447265625 0.3005181347150259 0.04931640625 0.04533678756476684
3 0.66748046875 0.8400259067357513 0.115234375 0.048575129533678756
6 0.75341796875 0.6010362694300518 0.05322265625 0.025259067357512953
3 0.33056640625 0.3471502590673575 0.11767578125 0.07966321243523317
11 0.64892578125 0.741580310880829 0.03125 0.02655440414507772
3 0.5244140625 0.172279792746114 0.12060546875 0.03950777202072539
2 0.63525390625 0.25906735751295334 0.05078125 0.02461139896373057
9 0.6318359375 0.3594559585492228 0.02001953125 0.027849740932642485
1 0.61083984375 0.7966321243523317 0.0263671875 0.03626943005181347
6 0.63916015625 0.6211139896373057 0.044921875 0.05181347150259067
0 0.7880859375 0.2856217616580311 0.0361328125 0.0977979274611399
0 0.45166015625 0.40025906735751293 0.041015625 0.09650259067357513
2 0.54296875 0.47733160621761656 0.03173828125 0.06541450777202072
2 0.49462890625 0.4844559585492228 0.0283203125 0.06541450777202072
3 0.45654296875 0.5006476683937824 0.04931640625 0.15155440414507773
0 0.59423828125 0.3860103626943005 0.07763671875 0.029792746113989636
9 0.5546875 0.49093264248704666 0.01806640625 0.033031088082901554
0 0.34326171875 0.32059585492227977 0.0712890625 0.06023316062176166
7 0.36767578125 0.40414507772020725 0.056640625 0.04404145077720207
12 0.40185546875 0.7085492227979274 0.03515625 0.038860103626943004
12 0.39697265625 0.7435233160621761 0.0361328125 0.03756476683937824
4 0.2802734375 0.3238341968911917 0.03125 0.05310880829015544
10 0.42822265625 0.3633419689119171 0.0244140625 0.036917098445595854
13 0.66162109375 0.6722797927461139 0.0263671875 0.036917098445595854
12 0.302734375 0.37823834196891193 0.041015625 0.027202072538860103