3 0.6513671875 0.25582901554404147 0.09765625 0.12046632124352331
9 0.6201171875 0.3788860103626943 0.02685546875 0.025906735751295335
13 0.68310546875 0.6275906735751295 0.02294921875 0.03238341968911917
13 0.5166015625 0.5472797927461139 0.02099609375 0.03626943005181347
6 0.50732421875 0.5233160621761658 0.04052734375 0.05699481865284974
13 0.57177734375 0.5971502590673575 0.0205078125 0.03562176165803109
5 0.7216796875 0.4177461139896373 0.083984375 0.02266839378238342
9 0.78125 0.36593264248704666 0.01953125 0.027202072538860103
1 0.71630859375 0.719559585492228 0.02880859375 0.033031088082901554
12 0.66357421875 0.27396373056994816 0.0146484375 0.04339378238341969
5 0.71533203125 0.6962435233160622 0.06884765625 0.03626943005181347
13 0.48193359375 0.7908031088082902 0.015625 0.038860103626943004
6 0.7509765625 0.6690414507772021 0.013671875 0.0705958549222798
12 0.490234375 0.46567357512953367 0.01171875 0.04209844559585492
8 0.6943359375 0.38860103626943004 0.0419921875 0.05181347150259067
8 0.677734375 0.2765544041450777 0.02587890625 0.06411917098445596
10 0.525390625 0.7895077720207254 0.02294921875 0.029145077720207253
4 0.5244140625 0.26295336787564766 0.0361328125 0.033031088082901554
8 0.5126953125 0.2920984455958549 0.03759765625 0.05310880829015544
12 0.7314453125 0.689119170984456 0.02734375 0.03044041450777202
9 0.607421875 0.202720207253886 0.01904296875 0.03432642487046632
11 0.76904296875 0.39766839378238344 0.02734375 0.027849740932642485
7 0.71923828125 0.7493523316062176 0.03759765625 0.05764248704663212
12 0.56396484375 0.4650259067357513 0.025390625 0.03432642487046632
11 0.60498046875 0.7953367875647669 0.01806640625 0.038860103626943004
4 0.76708984375 0.4533678756476684 0.01318359375 0.05310880829015544
10 0.41064453125 0.667098445595855 0.021484375 0.029145077720207253
10 0.6416015625 0.3089378238341969 0.01611328125 0.03367875647668394
7 0.32080078125 0.5343264248704663 0.021484375 0.07124352331606218
8 0.48681640625 0.4229274611398964 0.04052734375 0.05116580310880829
5 0.4697265625 0.28367875647668395 0.05029296875 0.07707253886010362
6 0.5009765625 0.6269430051813472 0.015625 0.07318652849740932
9 0.42138671875 0.49093264248704666 0.0224609375 0.027849740932642485
1 0.5791015625 0.3018134715025907 0.02880859375 0.04145077720207254
2 0.76171875 0.19170984455958548 0.025390625 0.06606217616580311
4 0.61376953125 0.4540155440414508 0.0400390625 0.025906735751295335
11 0.42333984375 0.25906735751295334 0.0185546875 0.03821243523316062
1 0.73974609375 0.21243523316062177 0.0302734375 0.04015544041450777
7 0.62646484375 0.48251295336787564 0.05078125 0.027202072538860103
0 0.435546875 0.23186528497409326 0.04931640625 0.09326424870466321
7 0.326171875 0.35103626943005184 0.0458984375 0.05181347150259067
4 0.568359375 0.5783678756476683 0.03564453125 0.038860103626943004
6 0.48486328125 0.6386010362694301 0.021484375 0.06476683937823834
11 0.57861328125 0.2610103626943005 0.0302734375 0.029792746113989636
2 0.54345703125 0.5116580310880829 0.0498046875 0.038860103626943004
0 0.697265625 0.4371761658031088 0.06640625 0.06865284974093264
0 0.40234375 0.8892487046632125 0.07373046875 0.04404145077720207
2 0.6904296875 0.33031088082901555 0.05029296875 0.04209844559585492
2 0.5712890625 0.5181347150259067 0.05029296875 0.04145077720207254
3 0.7255859375 0.49028497409326427 0.10107421875 0.11010362694300518
3 0.57958984375 0.7512953367875648 0.1025390625 0.11787564766839378
0 0.35791015625 0.35297927461139894 0.046875 0.09261658031088082
3 0.455078125 0.5440414507772021 0.10693359375 0.10103626943005181
1 0.72705078125 0.1871761658031088 0.03076171875 0.03432642487046632
10 0.76318359375 0.41904145077720206 0.02685546875 0.021373056994818652