9 0.71923828125 0.7914507772020726 0.02392578125 0.023963730569948185
7 0.7041015625 0.41968911917098445 0.05517578125 0.022020725388601035
4 0.69482421875 0.3898963730569948 0.017578125 0.05829015544041451
13 0.32373046875 0.6288860103626943 0.01806640625 0.03626943005181347
9 0.71240234375 0.40803108808290156 0.0205078125 0.031088082901554404
7 0.50537109375 0.38860103626943004 0.03125 0.0667098445595855
10 0.4296875 0.6373056994818653 0.01513671875 0.033031088082901554
8 0.6943359375 0.4838082901554404 0.0478515625 0.042746113989637305
10 0.619140625 0.966321243523316 0.02392578125 0.02461139896373057
13 0.69287109375 0.8549222797927462 0.02685546875 0.023963730569948185
9 0.35009765625 0.6917098445595855 0.017578125 0.03173575129533679
5 0.49072265625 0.9196891191709845 0.06689453125 0.05116580310880829
13 0.4150390625 0.814119170984456 0.017578125 0.023316062176165803
8 0.54052734375 0.38082901554404147 0.0185546875 0.06800518134715026
11 0.36669921875 0.7946891191709845 0.03564453125 0.02461139896373057
9 0.580078125 0.905440414507772 0.02197265625 0.02266839378238342
4 0.50634765625 0.9015544041450777 0.0283203125 0.04727979274611399
5 0.47119140625 0.29080310880829013 0.0751953125 0.03950777202072539
6 0.4287109375 0.5673575129533679 0.02490234375 0.0705958549222798
13 0.59814453125 0.375 0.02392578125 0.03238341968911917
10 0.41552734375 0.560880829015544 0.017578125 0.03238341968911917
5 0.6923828125 0.5155440414507773 0.06982421875 0.03044041450777202
1 0.314453125 0.7143782383419689 0.0263671875 0.03238341968911917
12 0.3916015625 0.7972797927461139 0.0302734375 0.03044041450777202
5 0.58837890625 0.7616580310880829 0.0400390625 0.08937823834196891
11 0.43115234375 0.5926165803108808 0.0234375 0.03626943005181347
11 0.64404296875 0.8996113989637305 0.0205078125 0.04015544041450777
7 0.76708984375 0.5155440414507773 0.0224609375 0.07189119170984457
1 0.3994140625 0.3860103626943005 0.0263671875 0.036917098445595854
6 0.56787109375 0.40349740932642486 0.029296875 0.06541450777202072
3 0.37451171875 0.41515544041450775 0.03515625 0.15867875647668395
11 0.4443359375 0.40025906735751293 0.02685546875 0.03626943005181347
2 0.76513671875 0.6832901554404145 0.03759765625 0.06865284974093264
2 0.4365234375 0.35103626943005184 0.01708984375 0.06735751295336788
1 0.46435546875 0.42940414507772023 0.03076171875 0.04339378238341969
10 0.3505859375 0.3944300518134715 0.02099609375 0.031088082901554404
8 0.3701171875 0.7746113989637305 0.04736328125 0.031088082901554404
4 0.49658203125 0.3471502590673575 0.03857421875 0.027202072538860103
0 0.34375 0.27331606217616583 0.02197265625 0.10103626943005181
1 0.72021484375 0.5038860103626943 0.02783203125 0.03756476683937824
8 0.52880859375 0.966321243523316 0.04150390625 0.046632124352331605
2 0.4677734375 0.3134715025906736 0.04541015625 0.04727979274611399
0 0.54052734375 0.927461139896373 0.07470703125 0.02266839378238342
6 0.40234375 0.5252590673575129 0.01611328125 0.06930051813471502
0 0.64892578125 0.4792746113989637 0.03271484375 0.10038860103626943
7 0.3544921875 0.5997409326424871 0.03515625 0.06347150259067358
3 0.61572265625 0.6813471502590673 0.10595703125 0.08354922279792747
0 0.6689453125 0.6599740932642487 0.03662109375 0.1016839378238342
3 0.2734375 0.7746113989637305 0.06787109375 0.14702072538860103
2 0.6875 0.9080310880829016 0.0458984375 0.044689119170984455
3 0.4384765625 0.7046632124352331 0.05859375 0.14766839378238342
6 0.3916015625 0.14443005181347152 0.0458984375 0.042746113989637305
12 0.615234375 0.36852331606217614 0.0205078125 0.04987046632124352
4 0.65771484375 0.9022020725388601 0.0224609375 0.06088082901554404
12 0.30419921875 0.7338082901554405 0.0322265625 0.03562176165803109
12 0.50927734375 0.3128238341968912 0.03759765625 0.027202072538860103