12 0.5751953125 0.30310880829015546 0.02783203125 0.03044041450777202
3 0.62353515625 0.2817357512953368 0.09375 0.1172279792746114
5 0.25927734375 0.37370466321243523 0.06494140625 0.06476683937823834
9 0.4326171875 0.3594559585492228 0.0146484375 0.03173575129533679
8 0.451171875 0.5880829015544041 0.03955078125 0.05505181347150259
8 0.34912109375 0.5006476683937824 0.0615234375 0.019430051813471502
10 0.56494140625 0.15349740932642486 0.01416015625 0.03626943005181347
4 0.4189453125 0.42033678756476683 0.04052734375 0.04015544041450777
10 0.42138671875 0.34974093264248707 0.015625 0.03238341968911917
11 0.41357421875 0.2959844559585492 0.02490234375 0.03432642487046632
5 0.34814453125 0.3711139896373057 0.07421875 0.02266839378238342
13 0.36767578125 0.29857512953367876 0.02587890625 0.025259067357512953
13 0.49072265625 0.27914507772020725 0.02001953125 0.034974093264248704
9 0.62890625 0.25323834196891193 0.02294921875 0.029145077720207253
4 0.6689453125 0.5194300518134715 0.0439453125 0.022020725388601035
3 0.47314453125 0.5680051813471503 0.11279296875 0.027849740932642485
11 0.37841796875 0.4889896373056995 0.01953125 0.03626943005181347
1 0.44287109375 0.45466321243523317 0.029296875 0.03950777202072539
1 0.5380859375 0.21243523316062177 0.02783203125 0.033031088082901554
4 0.43408203125 0.6126943005181347 0.02392578125 0.052461139896373056
6 0.31201171875 0.4028497409326425 0.03271484375 0.06217616580310881
1 0.4208984375 0.1716321243523316 0.03173828125 0.04209844559585492
13 0.2919921875 0.3646373056994819 0.0244140625 0.02849740932642487
6 0.32666015625 0.17422279792746115 0.03662109375 0.05699481865284974
8 0.6455078125 0.5116580310880829 0.04736328125 0.04598445595854922
0 0.44287109375 0.31411917098445596 0.02001953125 0.10751295336787564
6 0.595703125 0.41904145077720206 0.05322265625 0.022020725388601035
5 0.345703125 0.4384715025906736 0.0673828125 0.05699481865284974
10 0.31982421875 0.3231865284974093 0.0224609375 0.027202072538860103
3 0.65869140625 0.12305699481865284 0.11767578125 0.027849740932642485
1 0.60693359375 0.7007772020725389 0.029296875 0.038860103626943004
4 0.56640625 0.19041450777202074 0.0166015625 0.052461139896373056
10 0.677734375 0.10816062176165803 0.0263671875 0.016191709844559584
11 0.537109375 0.15349740932642486 0.02783203125 0.03238341968911917
7 0.439453125 0.23186528497409326 0.03564453125 0.06217616580310881
2 0.40234375 0.4475388601036269 0.0517578125 0.04598445595854922
11 0.46533203125 0.45012953367875647 0.0205078125 0.04209844559585492
0 0.32861328125 0.21761658031088082 0.0390625 0.09261658031088082
3 0.6806640625 0.31994818652849744 0.11181640625 0.05116580310880829
2 0.67822265625 0.6133419689119171 0.03173828125 0.06930051813471502
0 0.28076171875 0.19365284974093264 0.044921875 0.08808290155440414
6 0.5908203125 0.2772020725388601 0.01904296875 0.06994818652849741
0 0.39306640625 0.42357512953367876 0.072265625 0.05893782383419689
2 0.474609375 0.23769430051813473 0.04150390625 0.06023316062176166
2 0.29541015625 0.3011658031088083 0.0390625 0.06088082901554404
8 0.64208984375 0.49093264248704666 0.0478515625 0.04209844559585492
9 0.3330078125 0.38406735751295334 0.0224609375 0.029145077720207253
13 0.388671875 0.391839378238342 0.03173828125 0.025259067357512953
9 0.44482421875 0.6075129533678757 0.01611328125 0.03238341968911917
12 0.64111328125 0.280440414507772 0.0302734375 0.03432642487046632
12 0.42724609375 0.43588082901554404 0.0234375 0.03756476683937824
7 0.41259765625 0.3173575129533679 0.04931640625 0.038860103626943004
7 0.4453125 0.10103626943005181 0.03271484375 0.06541450777202072
7 0.65869140625 0.1489637305699482 0.05029296875 0.03432642487046632
12 0.41650390625 0.25647668393782386 0.02978515625 0.038860103626943004