13 0.5068359375 0.47020725388601037 0.02685546875 0.025906735751295335
13 0.47802734375 0.483160621761658 0.01953125 0.03756476683937824
12 0.7138671875 0.6910621761658031 0.037109375 0.02266839378238342
4 0.7431640625 0.5809585492227979 0.01513671875 0.05375647668393782
4 0.73779296875 0.6800518134715026 0.01904296875 0.054404145077720206
10 0.47607421875 0.25129533678756477 0.0185546875 0.03432642487046632
4 0.69677734375 0.7091968911917098 0.0419921875 0.02461139896373057
9 0.65283203125 0.5090673575129534 0.02880859375 0.025259067357512953
8 0.6015625 0.3082901554404145 0.0400390625 0.05569948186528497
11 0.4228515625 0.4326424870466321 0.021484375 0.04015544041450777
5 0.7685546875 0.5634715025906736 0.07177734375 0.044689119170984455
7 0.35009765625 0.22215025906735753 0.0185546875 0.06865284974093264
7 0.68115234375 0.5136010362694301 0.03271484375 0.07124352331606218
8 0.6337890625 0.6107512953367875 0.03759765625 0.06217616580310881
10 0.38134765625 0.685880829015544 0.01806640625 0.03238341968911917
8 0.58740234375 0.6178756476683938 0.05126953125 0.01683937823834197
9 0.4765625 0.5272020725388601 0.01904296875 0.033031088082901554
1 0.6396484375 0.5796632124352331 0.02587890625 0.03367875647668394
5 0.46142578125 0.19753886010362695 0.01708984375 0.10038860103626943
6 0.396484375 0.4384715025906736 0.05517578125 0.029792746113989636
7 0.6669921875 0.5129533678756477 0.02001953125 0.07642487046632124
8 0.57470703125 0.27396373056994816 0.0537109375 0.020077720207253884
11 0.3896484375 0.2817357512953368 0.01806640625 0.038860103626943004
6 0.2119140625 0.47797927461139894 0.017578125 0.06865284974093264
11 0.3349609375 0.38147668393782386 0.0185546875 0.04015544041450777
5 0.55517578125 0.22927461139896374 0.06005859375 0.07772020725388601
5 0.44921875 0.12305699481865284 0.03466796875 0.09326424870466321
13 0.47998046875 0.5874352331606217 0.01708984375 0.03950777202072539
10 0.41259765625 0.241580310880829 0.02685546875 0.023316062176165803
1 0.54736328125 0.7985751295336787 0.0283203125 0.03821243523316062
1 0.60009765625 0.2189119170984456 0.02734375 0.03238341968911917
2 0.6552734375 0.6994818652849741 0.04931640625 0.04533678756476684
3 0.33251953125 0.15997409326424872 0.115234375 0.048575129533678756
6 0.24658203125 0.39896373056994816 0.05322265625 0.025259067357512953
3 0.66943359375 0.6528497409326425 0.11767578125 0.07966321243523317
11 0.35107421875 0.25841968911917096 0.03125 0.02655440414507772
3 0.4755859375 0.8277202072538861 0.12060546875 0.03950777202072539
2 0.36474609375 0.7409326424870466 0.05078125 0.02461139896373057
9 0.3681640625 0.6405440414507773 0.02001953125 0.027849740932642485
1 0.38916015625 0.2033678756476684 0.0263671875 0.03626943005181347
6 0.36083984375 0.3788860103626943 0.044921875 0.05181347150259067
0 0.2119140625 0.7143782383419689 0.0361328125 0.0977979274611399
0 0.54833984375 0.5997409326424871 0.041015625 0.09650259067357513
2 0.45703125 0.5226683937823834 0.03173828125 0.06541450777202072
2 0.50537109375 0.5155440414507773 0.0283203125 0.06541450777202072
3 0.54345703125 0.4993523316062176 0.04931640625 0.15155440414507773
0 0.40576171875 0.6139896373056994 0.07763671875 0.029792746113989636
9 0.4453125 0.5090673575129534 0.01806640625 0.033031088082901554
0 0.65673828125 0.6794041450777202 0.0712890625 0.06023316062176166
7 0.63232421875 0.5958549222797928 0.056640625 0.04404145077720207
12 0.59814453125 0.2914507772020725 0.03515625 0.038860103626943004
12 0.60302734375 0.25647668393782386 0.0361328125 0.03756476683937824
4 0.7197265625 0.6761658031088082 0.03125 0.05310880829015544
10 0.57177734375 0.6366580310880829 0.0244140625 0.036917098445595854
13 0.33837890625 0.327720207253886 0.0263671875 0.036917098445595854
12 0.697265625 0.6217616580310881 0.041015625 0.027202072538860103