3 0.287109375 0.5401554404145078 0.10498046875 0.09715025906735751
8 0.38037109375 0.7901554404145078 0.03857421875 0.052461139896373056
7 0.47802734375 0.5246113989637305 0.041015625 0.06800518134715026
5 0.76806640625 0.5472797927461139 0.02880859375 0.09844559585492228
5 0.6982421875 0.5550518134715026 0.07080078125 0.046632124352331605
5 0.68505859375 0.5757772020725389 0.080078125 0.038860103626943004
13 0.4365234375 0.552461139896373 0.03125 0.022020725388601035
1 0.64501953125 0.7428756476683938 0.02587890625 0.03562176165803109
9 0.359375 0.5472797927461139 0.021484375 0.02266839378238342
7 0.64794921875 0.38471502590673573 0.01708984375 0.07577720207253887
8 0.6728515625 0.6204663212435233 0.04150390625 0.04598445595854922
12 0.6982421875 0.6813471502590673 0.03125 0.023963730569948185
8 0.7001953125 0.6314766839378239 0.03173828125 0.05505181347150259
10 0.28369140625 0.508419689119171 0.01416015625 0.03432642487046632
13 0.49267578125 0.6651554404145078 0.01806640625 0.046632124352331605
6 0.466796875 0.5673575129533679 0.0615234375 0.027202072538860103
10 0.62158203125 0.5589378238341969 0.02490234375 0.020077720207253884
13 0.63134765625 0.4423575129533679 0.03125 0.019430051813471502
7 0.4072265625 0.6832901554404145 0.052734375 0.03432642487046632
4 0.40478515625 0.9818652849740933 0.03759765625 0.03044041450777202
4 0.46630859375 0.9248704663212435 0.03125 0.04598445595854922
11 0.65283203125 0.42357512953367876 0.03173828125 0.023963730569948185
7 0.36865234375 0.6159326424870466 0.02099609375 0.07318652849740932
12 0.4462890625 0.8348445595854922 0.017578125 0.04209844559585492
1 0.71337890625 0.6295336787564767 0.0283203125 0.04015544041450777
2 0.41259765625 0.4494818652849741 0.05126953125 0.033031088082901554
4 0.51708984375 0.6839378238341969 0.0380859375 0.021373056994818652
1 0.7294921875 0.6813471502590673 0.02392578125 0.034974093264248704
11 0.6298828125 0.39313471502590674 0.0322265625 0.02461139896373057
11 0.6591796875 0.5226683937823834 0.02978515625 0.027849740932642485
10 0.4150390625 0.42422279792746115 0.0205078125 0.03626943005181347
3 0.6923828125 0.5343264248704663 0.037109375 0.15803108808290156
0 0.38037109375 0.5705958549222798 0.0380859375 0.09974093264248704
8 0.3056640625 0.4734455958549223 0.04052734375 0.05699481865284974
2 0.4150390625 0.47020725388601037 0.05029296875 0.03432642487046632
1 0.34912109375 0.6573834196891192 0.03369140625 0.042746113989637305
2 0.46337890625 0.9760362694300518 0.04248046875 0.04533678756476684
4 0.40771484375 0.8031088082901554 0.0341796875 0.04209844559585492
9 0.34423828125 0.5116580310880829 0.02294921875 0.025906735751295335
11 0.52197265625 0.44430051813471505 0.02880859375 0.029145077720207253
6 0.36669921875 0.5090673575129534 0.04541015625 0.05310880829015544
0 0.65185546875 0.8102331606217616 0.04833984375 0.08873056994818652
6 0.47802734375 0.18911917098445596 0.0458984375 0.04598445595854922
3 0.4287109375 0.9067357512953368 0.07373046875 0.13665803108808292
3 0.41162109375 0.6224093264248705 0.05078125 0.15090673575129535
6 0.451171875 0.5323834196891192 0.05322265625 0.027202072538860103
2 0.388671875 0.8581606217616581 0.04052734375 0.05829015544041451
0 0.337890625 0.11917098445595854 0.06982421875 0.04404145077720207
0 0.30615234375 0.3128238341968912 0.06884765625 0.0667098445595855
5 0.64013671875 0.7661917098445595 0.05078125 0.08290155440414508
13 0.35693359375 0.772020725388601 0.03173828125 0.040803108808290155
9 0.47216796875 0.48121761658031087 0.03369140625 0.03044041450777202
12 0.69091796875 0.6612694300518135 0.02490234375 0.029792746113989636
12 0.4052734375 0.6606217616580311 0.03515625 0.029145077720207253
10 0.7021484375 0.5673575129533679 0.02734375 0.025259067357512953