10 0.48486328125 0.483160621761658 0.01513671875 0.033031088082901554
3 0.42626953125 0.7603626943005182 0.0791015625 0.13924870466321243
4 0.4697265625 0.8244818652849741 0.01953125 0.05181347150259067
13 0.38427734375 0.47085492227979275 0.01611328125 0.036917098445595854
12 0.27685546875 0.44365284974093266 0.03076171875 0.02461139896373057
7 0.4765625 0.5939119170984456 0.04150390625 0.06282383419689119
12 0.5634765625 0.3646373056994819 0.0166015625 0.04792746113989637
13 0.66015625 0.6476683937823834 0.0205078125 0.03756476683937824
9 0.43701171875 0.5466321243523317 0.0205078125 0.022020725388601035
8 0.3125 0.3484455958549223 0.02978515625 0.06023316062176166
10 0.47314453125 0.9229274611398963 0.0234375 0.027202072538860103
4 0.361328125 0.3594559585492228 0.041015625 0.027202072538860103
13 0.42041015625 0.5531088082901554 0.0146484375 0.036917098445595854
4 0.3408203125 0.36139896373056996 0.03955078125 0.034974093264248704
8 0.33203125 0.3853626943005181 0.04736328125 0.034974093264248704
13 0.49658203125 0.5181347150259067 0.02490234375 0.029145077720207253
8 0.48681640625 0.8147668393782384 0.0205078125 0.0667098445595855
9 0.52294921875 0.8419689119170984 0.0234375 0.02266839378238342
10 0.56396484375 0.4689119170984456 0.015625 0.03821243523316062
5 0.40576171875 0.8089378238341969 0.01123046875 0.09715025906735751
7 0.2861328125 0.46632124352331605 0.04052734375 0.05569948186528497
1 0.55419921875 0.5077720207253886 0.02685546875 0.03238341968911917
12 0.43359375 0.23186528497409326 0.02783203125 0.03044041450777202
11 0.59228515625 0.5382124352331606 0.02392578125 0.029792746113989636
7 0.31396484375 0.6269430051813472 0.02783203125 0.0667098445595855
9 0.38134765625 0.3853626943005181 0.0234375 0.02266839378238342
9 0.82666015625 0.7571243523316062 0.01904296875 0.02849740932642487
1 0.32763671875 0.41386010362694303 0.0283203125 0.03821243523316062
11 0.6103515625 0.5246113989637305 0.02099609375 0.04209844559585492
11 0.4736328125 0.8873056994818653 0.02880859375 0.03173575129533679
3 0.4169921875 0.5265544041450777 0.1220703125 0.023963730569948185
5 0.55908203125 0.48639896373056996 0.078125 0.023963730569948185
11 0.482421875 0.40414507772020725 0.0302734375 0.029145077720207253
8 0.60205078125 0.6606217616580311 0.048828125 0.03756476683937824
10 0.6123046875 0.4378238341968912 0.0166015625 0.03626943005181347
0 0.2529296875 0.4268134715025907 0.01708984375 0.10492227979274611
5 0.31787109375 0.5615284974093264 0.04443359375 0.08937823834196891
6 0.42919921875 0.7117875647668394 0.01904296875 0.07189119170984457
5 0.42236328125 0.211139896373057 0.044921875 0.0900259067357513
2 0.220703125 0.966321243523316 0.0478515625 0.031088082901554404
6 0.4169921875 0.48121761658031087 0.05029296875 0.038860103626943004
7 0.3740234375 0.8186528497409327 0.05126953125 0.027849740932642485
1 0.41064453125 0.40932642487046633 0.0283203125 0.034974093264248704
0 0.58349609375 0.5770725388601037 0.0703125 0.06217616580310881
2 0.5 0.8160621761658031 0.02880859375 0.0667098445595855
6 0.375 0.4734455958549223 0.0283203125 0.06347150259067358
6 0.60107421875 0.6819948186528497 0.05078125 0.025259067357512953
1 0.462890625 0.45531088082901555 0.03271484375 0.03950777202072539
2 0.3662109375 0.40932642487046633 0.02490234375 0.06476683937823834
2 0.4375 0.30505181347150256 0.04150390625 0.06088082901554404
0 0.451171875 0.8840673575129534 0.0537109375 0.08290155440414508
3 0.40966796875 0.5867875647668394 0.11962890625 0.04792746113989637
12 0.396484375 0.6904145077720207 0.03369140625 0.02072538860103627
3 0.31298828125 0.45142487046632124 0.0263671875 0.15414507772020725
4 0.3251953125 0.582901554404145 0.037109375 0.03173575129533679