13 0.33642578125 0.5615284974093264 0.021484375 0.033031088082901554
8 0.3876953125 0.25841968911917096 0.02197265625 0.06735751295336788
0 0.64697265625 0.5634715025906736 0.03515625 0.09715025906735751
3 0.615234375 0.43976683937823835 0.05419921875 0.15349740932642486
3 0.3505859375 0.5 0.08154296875 0.14637305699481865
5 0.59619140625 0.7182642487046632 0.07470703125 0.03432642487046632
4 0.64208984375 0.7273316062176166 0.01904296875 0.05116580310880829
9 0.6328125 0.5505181347150259 0.0166015625 0.029792746113989636
10 0.6513671875 0.5977979274611399 0.02197265625 0.027202072538860103
9 0.61376953125 0.22279792746113988 0.021484375 0.02461139896373057
12 0.27001953125 0.6949481865284974 0.01513671875 0.042746113989637305
7 0.58837890625 0.3873056994818653 0.03369140625 0.0705958549222798
8 0.3837890625 0.405440414507772 0.02685546875 0.06735751295336788
13 0.1884765625 0.4255181347150259 0.02197265625 0.018134715025906734
10 0.45068359375 0.4637305699481865 0.02587890625 0.019430051813471502
9 0.34375 0.7668393782383419 0.02294921875 0.02266839378238342
7 0.41015625 0.5446891191709845 0.04736328125 0.042746113989637305
4 0.4365234375 0.29922279792746115 0.01708984375 0.05505181347150259
6 0.5263671875 0.36787564766839376 0.05029296875 0.02266839378238342
7 0.68994140625 0.3426165803108808 0.052734375 0.01878238341968912
11 0.59326171875 0.42875647668393785 0.02978515625 0.033031088082901554
8 0.3310546875 0.49740932642487046 0.0361328125 0.05958549222797927
8 0.611328125 0.469559585492228 0.03173828125 0.06217616580310881
13 0.478515625 0.7823834196891192 0.01708984375 0.03626943005181347
0 0.55908203125 0.3801813471502591 0.0390625 0.09326424870466321
11 0.19775390625 0.508419689119171 0.02783203125 0.029145077720207253
6 0.40576171875 0.452720207253886 0.04833984375 0.04145077720207254
4 0.6220703125 0.27331606217616583 0.0244140625 0.04922279792746114
2 0.46533203125 0.4423575129533679 0.0517578125 0.025259067357512953
11 0.46435546875 0.8147668393782384 0.0185546875 0.04145077720207254
10 0.39208984375 0.4727979274611399 0.0224609375 0.029792746113989636
12 0.61279296875 0.13730569948186527 0.0234375 0.036917098445595854
6 0.4267578125 0.41515544041450775 0.05126953125 0.031088082901554404
13 0.51416015625 0.27266839378238344 0.0283203125 0.025259067357512953
1 0.396484375 0.6651554404145078 0.029296875 0.04145077720207254
1 0.548828125 0.45466321243523317 0.0234375 0.03562176165803109
3 0.39892578125 0.6023316062176166 0.1025390625 0.11463730569948187
6 0.41162109375 0.26360103626943004 0.03759765625 0.054404145077720206
12 0.3369140625 0.42875647668393785 0.0263671875 0.03562176165803109
5 0.33984375 0.2648963730569948 0.0244140625 0.09650259067357513
2 0.3798828125 0.3801813471502591 0.03173828125 0.06930051813471502
1 0.51123046875 0.3335492227979275 0.02978515625 0.038860103626943004
11 0.31494140625 0.3082901554404145 0.0234375 0.036917098445595854
3 0.6142578125 0.5887305699481865 0.072265625 0.14378238341968913
1 0.59716796875 0.12953367875647667 0.025390625 0.033031088082901554
0 0.40625 0.5194300518134715 0.07958984375 0.02072538860103627
2 0.4814453125 0.40867875647668395 0.0458984375 0.04598445595854922
2 0.52197265625 0.20919689119170984 0.04296875 0.05764248704663212
4 0.5888671875 0.49417098445595853 0.03466796875 0.040803108808290155
0 0.54052734375 0.508419689119171 0.04833984375 0.09261658031088082
9 0.6298828125 0.31476683937823835 0.03564453125 0.023963730569948185
5 0.57080078125 0.37694300518134716 0.04052734375 0.08808290155440414
12 0.51220703125 0.3069948186528497 0.0302734375 0.020077720207253884
7 0.40625 0.27461139896373055 0.03564453125 0.06282383419689119
5 0.37744140625 0.564119170984456 0.06298828125 0.07901554404145078
10 0.32861328125 0.4229274611398964 0.02783203125 0.03173575129533679