9 0.26416015625 0.43069948186528495 0.01611328125 0.029792746113989636
8 0.6474609375 0.3588082901554404 0.01611328125 0.06994818652849741
3 0.591796875 0.34650259067357514 0.115234375 0.07642487046632124
4 0.62158203125 0.3490932642487047 0.037109375 0.03173575129533679
5 0.53857421875 0.21632124352331605 0.06640625 0.05764248704663212
7 0.49365234375 0.5757772020725389 0.0537109375 0.016191709844559584
13 0.23193359375 0.48186528497409326 0.017578125 0.05375647668393782
8 0.51611328125 0.33743523316062174 0.0517578125 0.017487046632124352
9 0.45556640625 0.4805699481865285 0.01708984375 0.029145077720207253
12 0.26513671875 0.6768134715025906 0.01806640625 0.04598445595854922
12 0.49755859375 0.2849740932642487 0.0166015625 0.046632124352331605
13 0.47705078125 0.5589378238341969 0.0263671875 0.02849740932642487
7 0.49365234375 0.5757772020725389 0.05322265625 0.01683937823834197
3 0.294921875 0.4261658031088083 0.0419921875 0.16062176165803108
10 0.2509765625 0.7409326424870466 0.0244140625 0.025906735751295335
9 0.29150390625 0.25194300518134716 0.021484375 0.027202072538860103
11 0.63134765625 0.375 0.02734375 0.031088082901554404
10 0.306640625 0.616580310880829 0.02392578125 0.020077720207253884
10 0.20751953125 0.6580310880829016 0.02587890625 0.020077720207253884
8 0.62890625 0.29533678756476683 0.04638671875 0.03950777202072539
11 0.66015625 0.3069948186528497 0.029296875 0.025906735751295335
12 0.669921875 0.39248704663212436 0.0126953125 0.042746113989637305
4 0.556640625 0.5058290155440415 0.03515625 0.04533678756476684
5 0.70947265625 0.40479274611398963 0.0732421875 0.033031088082901554
1 0.22314453125 0.5939119170984456 0.0322265625 0.04404145077720207
1 0.30126953125 0.43523316062176165 0.02685546875 0.036917098445595854
4 0.43115234375 0.5259067357512953 0.0205078125 0.052461139896373056
0 0.60498046875 0.44365284974093266 0.02734375 0.1016839378238342
13 0.75048828125 0.4009067357512953 0.01904296875 0.034974093264248704
6 0.62451171875 0.8076424870466321 0.044921875 0.04922279792746114
1 0.5078125 0.1483160621761658 0.02587890625 0.038860103626943004
2 0.66162109375 0.3549222797927461 0.021484375 0.0705958549222798
1 0.27783203125 0.5744818652849741 0.02490234375 0.03432642487046632
2 0.28369140625 0.5997409326424871 0.0498046875 0.03044041450777202
2 0.61572265625 0.4170984455958549 0.029296875 0.06800518134715026
6 0.43603515625 0.8322538860103627 0.0302734375 0.06541450777202072
11 0.4169921875 0.46113989637305697 0.0283203125 0.03238341968911917
6 0.24365234375 0.7066062176165803 0.048828125 0.03367875647668394
11 0.22607421875 0.5090673575129534 0.017578125 0.04015544041450777
0 0.63720703125 0.405440414507772 0.05712890625 0.07966321243523317
6 0.6611328125 0.47474093264248707 0.03564453125 0.06023316062176166
2 0.62451171875 0.5123056994818653 0.04931640625 0.02849740932642487
4 0.255859375 0.3555699481865285 0.03369140625 0.03821243523316062
0 0.59912109375 0.7765544041450777 0.06396484375 0.07772020725388601
3 0.3525390625 0.7759067357512953 0.080078125 0.13471502590673576
3 0.28955078125 0.32966321243523317 0.060546875 0.15090673575129535
0 0.27685546875 0.10621761658031088 0.03369140625 0.09326424870466321
9 0.4990234375 0.18264248704663213 0.02294921875 0.029792746113989636
13 0.57568359375 0.4954663212435233 0.02978515625 0.04145077720207254
10 0.28271484375 0.7182642487046632 0.02392578125 0.021373056994818652
8 0.2666015625 0.7124352331606217 0.046875 0.040803108808290155
5 0.2470703125 0.48251295336787564 0.01416015625 0.09974093264248704
5 0.43115234375 0.4106217616580311 0.01513671875 0.1016839378238342
7 0.2314453125 0.6288860103626943 0.04541015625 0.04598445595854922
12 0.2353515625 0.6172279792746114 0.025390625 0.03238341968911917
7 0.64208984375 0.2707253886010363 0.0458984375 0.040803108808290155