8 0.8037109375 0.5032383419689119 0.03857421875 0.05310880829015544
7 0.34375 0.7597150259067358 0.05419921875 0.02266839378238342
13 0.8427734375 0.5867875647668394 0.0302734375 0.019430051813471502
9 0.40478515625 0.41386010362694303 0.01806640625 0.033031088082901554
5 0.4208984375 0.7551813471502591 0.02099609375 0.10492227979274611
9 0.71484375 0.4332901554404145 0.0185546875 0.02461139896373057
3 0.6357421875 0.4216321243523316 0.12255859375 0.022020725388601035
4 0.4208984375 0.45077720207253885 0.01708984375 0.05505181347150259
9 0.43017578125 0.663860103626943 0.02490234375 0.022020725388601035
13 0.67529296875 0.3633419689119171 0.0234375 0.031088082901554404
12 0.5205078125 0.40479274611398963 0.03271484375 0.025906735751295335
10 0.43505859375 0.49417098445595853 0.0234375 0.03173575129533679
13 0.65478515625 0.5090673575129534 0.02734375 0.02461139896373057
5 0.39111328125 0.14961139896373057 0.0380859375 0.08873056994818652
6 0.65673828125 0.38147668393782386 0.04736328125 0.038860103626943004
12 0.337890625 0.49805699481865284 0.01416015625 0.04404145077720207
8 0.43896484375 0.8180051813471503 0.05078125 0.021373056994818652
11 0.6123046875 0.4533678756476684 0.02734375 0.025259067357512953
11 0.48046875 0.6839378238341969 0.0263671875 0.03626943005181347
6 0.44384765625 0.22215025906735753 0.01318359375 0.0705958549222798
7 0.6201171875 0.3393782383419689 0.0595703125 0.023963730569948185
11 0.46142578125 0.20919689119170984 0.02587890625 0.03367875647668394
4 0.35693359375 0.7292746113989638 0.0283203125 0.048575129533678756
5 0.71826171875 0.4520725388601036 0.080078125 0.01878238341968912
6 0.583984375 0.6787564766839378 0.029296875 0.06088082901554404
7 0.46142578125 0.18588082901554404 0.056640625 0.02072538860103627
11 0.40478515625 0.7487046632124352 0.029296875 0.031088082901554404
13 0.50048828125 0.8879533678756477 0.02685546875 0.029145077720207253
5 0.41162109375 0.8309585492227979 0.06396484375 0.0667098445595855
6 0.84912109375 0.5628238341968912 0.02783203125 0.06347150259067358
1 0.6201171875 0.33678756476683935 0.029296875 0.03756476683937824
2 0.39306640625 0.8303108808290155 0.04736328125 0.048575129533678756
0 0.8349609375 0.7169689119170984 0.029296875 0.09455958549222798
1 0.23828125 0.49093264248704666 0.02880859375 0.034974093264248704
1 0.3447265625 0.2266839378238342 0.029296875 0.03950777202072539
0 0.76953125 0.47797927461139894 0.03857421875 0.09261658031088082
10 0.35888671875 0.1172279792746114 0.02392578125 0.02849740932642487
2 0.38330078125 0.7487046632124352 0.025390625 0.06606217616580311
10 0.2216796875 0.2551813471502591 0.0244140625 0.023316062176165803
12 0.66064453125 0.3471502590673575 0.03515625 0.02655440414507772
3 0.669921875 0.48251295336787564 0.1201171875 0.048575129533678756
2 0.57421875 0.44365284974093266 0.0546875 0.03044041450777202
4 0.39697265625 0.6107512953367875 0.0419921875 0.022020725388601035
2 0.56298828125 0.37694300518134716 0.05126953125 0.03238341968911917
3 0.4921875 0.625 0.0244140625 0.16191709844559585
0 0.61279296875 0.7033678756476683 0.0732421875 0.04922279792746114
3 0.52392578125 0.7046632124352331 0.11279296875 0.08549222797927461
0 0.40625 0.5097150259067358 0.064453125 0.07966321243523317
1 0.65576171875 0.44041450777202074 0.02734375 0.034974093264248704
4 0.59375 0.3801813471502591 0.02783203125 0.05375647668393782
7 0.43212890625 0.7318652849740933 0.017578125 0.07707253886010362
8 0.755859375 0.3225388601036269 0.0517578125 0.02072538860103627
12 0.4111328125 0.8044041450777202 0.033203125 0.018134715025906734
10 0.6103515625 0.40349740932642486 0.0185546875 0.03367875647668394
8 0.61669921875 0.4371761658031088 0.05224609375 0.023316062176165803
9 0.43701171875 0.5738341968911918 0.0234375 0.023316062176165803