9 0.84130859375 0.542098445595855 0.02099609375 0.027849740932642485
9 0.57275390625 0.6068652849740933 0.025390625 0.025259067357512953
1 0.658203125 0.42033678756476683 0.03564453125 0.05116580310880829
12 0.2998046875 0.39961139896373055 0.021484375 0.042746113989637305
9 0.5927734375 0.4378238341968912 0.02197265625 0.02655440414507772
12 0.52197265625 0.25971502590673573 0.03369140625 0.019430051813471502
11 0.75830078125 0.4579015544041451 0.02294921875 0.03432642487046632
10 0.76806640625 0.4378238341968912 0.015625 0.03238341968911917
13 0.29541015625 0.5803108808290155 0.03076171875 0.023316062176165803
12 0.33203125 0.677461139896373 0.013671875 0.04404145077720207
12 0.77001953125 0.7441709844559585 0.02783203125 0.03173575129533679
8 0.748046875 0.32966321243523317 0.04296875 0.050518134715025906
8 0.40380859375 0.47603626943005184 0.0537109375 0.03432642487046632
7 0.47900390625 0.2551813471502591 0.0146484375 0.07318652849740932
11 0.33349609375 0.6457253886010362 0.029296875 0.029145077720207253
7 0.55224609375 0.16321243523316062 0.05419921875 0.02266839378238342
10 0.3701171875 0.42487046632124353 0.025390625 0.027849740932642485
3 0.71923828125 0.5071243523316062 0.11083984375 0.07383419689119171
10 0.310546875 0.49740932642487046 0.0185546875 0.033031088082901554
5 0.42724609375 0.44689119170984454 0.072265625 0.05375647668393782
8 0.75634765625 0.49417098445595853 0.048828125 0.040803108808290155
13 0.78857421875 0.5744818652849741 0.01611328125 0.03756476683937824
1 0.41943359375 0.7797927461139896 0.0283203125 0.03562176165803109
1 0.34375 0.542098445595855 0.02783203125 0.03626943005181347
5 0.32470703125 0.48575129533678757 0.0556640625 0.08808290155440414
0 0.8583984375 0.5239637305699482 0.03466796875 0.0783678756476684
1 0.52392578125 0.36917098445595853 0.033203125 0.04339378238341969
4 0.56787109375 0.31476683937823835 0.0234375 0.05116580310880829
13 0.7509765625 0.8419689119170984 0.03076171875 0.023963730569948185
8 0.66259765625 0.3801813471502591 0.029296875 0.06541450777202072
11 0.40673828125 0.6606217616580311 0.01953125 0.02849740932642487
6 0.79443359375 0.697538860103627 0.01611328125 0.06994818652849741
3 0.7119140625 0.5401554404145078 0.11865234375 0.04727979274611399
2 0.68798828125 0.4365284974093264 0.048828125 0.02655440414507772
2 0.30615234375 0.6819948186528497 0.04296875 0.05569948186528497
6 0.4423828125 0.6068652849740933 0.0517578125 0.027849740932642485
3 0.5234375 0.19106217616580312 0.11181640625 0.06282383419689119
6 0.416015625 0.49287564766839376 0.03466796875 0.06023316062176166
4 0.3583984375 0.22992227979274613 0.0419921875 0.023316062176165803
10 0.30078125 0.5926165803108808 0.025390625 0.021373056994818652
4 0.54345703125 0.27202072538860106 0.0400390625 0.02849740932642487
9 0.6767578125 0.8309585492227979 0.02294921875 0.02655440414507772
2 0.716796875 0.4740932642487047 0.046875 0.04598445595854922
0 0.51953125 0.31023316062176165 0.07470703125 0.050518134715025906
7 0.75634765625 0.26295336787564766 0.044921875 0.04209844559585492
6 0.517578125 0.5155440414507773 0.04833984375 0.042746113989637305
0 0.76904296875 0.6340673575129534 0.03662109375 0.09196891191709844
2 0.501953125 0.14183937823834197 0.04150390625 0.06088082901554404
11 0.44775390625 0.677461139896373 0.03173828125 0.025906735751295335
0 0.67236328125 0.23769430051813473 0.06689453125 0.06541450777202072
3 0.5869140625 0.17616580310880828 0.0888671875 0.13212435233160622
7 0.396484375 0.6204663212435233 0.0400390625 0.0744818652849741
5 0.4921875 0.19300518134715025 0.07470703125 0.05699481865284974
4 0.6435546875 0.6962435233160622 0.0498046875 0.027202072538860103
5 0.6728515625 0.4630829015544041 0.06982421875 0.0705958549222798
13 0.7470703125 0.47668393782383417 0.017578125 0.03821243523316062