9 0.44775390625 0.1871761658031088 0.0224609375 0.021373056994818652
8 0.3935546875 0.6955958549222798 0.052734375 0.021373056994818652
3 0.38427734375 0.6217616580310881 0.0576171875 0.15284974093264247
4 0.38623046875 0.6612694300518135 0.02392578125 0.04922279792746114
5 0.2861328125 0.5511658031088082 0.04345703125 0.08808290155440414
7 0.55712890625 0.49158031088082904 0.01220703125 0.07124352331606218
13 0.486328125 0.14443005181347152 0.04052734375 0.023316062176165803
8 0.37744140625 0.5213730569948186 0.01318359375 0.06865284974093264
9 0.4853515625 0.4410621761658031 0.02197265625 0.02266839378238342
12 0.63330078125 0.18847150259067358 0.03466796875 0.023963730569948185
12 0.337890625 0.49676165803108807 0.03515625 0.022020725388601035
13 0.54443359375 0.469559585492228 0.021484375 0.034974093264248704
7 0.55712890625 0.49158031088082904 0.0126953125 0.0705958549222798
3 0.4443359375 0.22797927461139897 0.12109375 0.05569948186528497
10 0.681640625 0.16968911917098445 0.01953125 0.03238341968911917
9 0.31298828125 0.22344559585492227 0.0205078125 0.02849740932642487
11 0.40576171875 0.6742227979274611 0.0234375 0.03626943005181347
10 0.587890625 0.24352331606217617 0.01513671875 0.03173575129533679
10 0.619140625 0.11204663212435233 0.01513671875 0.03432642487046632
8 0.345703125 0.6709844559585493 0.02978515625 0.06152849740932642
11 0.3544921875 0.7124352331606217 0.01953125 0.038860103626943004
12 0.4189453125 0.7253886010362695 0.0322265625 0.01683937823834197
4 0.50439453125 0.5751295336787565 0.0341796875 0.046632124352331605
5 0.42822265625 0.7778497409326425 0.02490234375 0.09715025906735751
1 0.57080078125 0.1327720207253886 0.033203125 0.042746113989637305
1 0.451171875 0.23639896373056996 0.02783203125 0.03562176165803109
4 0.51953125 0.40867875647668395 0.03955078125 0.027202072538860103
0 0.45751953125 0.6392487046632125 0.07666015625 0.03626943005181347
13 0.42529296875 0.8322538860103627 0.0263671875 0.025259067357512953
6 0.73193359375 0.6651554404145078 0.037109375 0.05958549222797927
1 0.23486328125 0.5103626943005182 0.029296875 0.03432642487046632
2 0.390625 0.7143782383419689 0.05322265625 0.02849740932642487
1 0.55615234375 0.20531088082901555 0.02587890625 0.033031088082901554
2 0.5751953125 0.21308290155440415 0.02294921875 0.06606217616580311
2 0.4375 0.6534974093264249 0.05126953125 0.038860103626943004
6 0.75048828125 0.41515544041450775 0.04931640625 0.04015544041450777
11 0.470703125 0.3898963730569948 0.0244140625 0.03756476683937824
6 0.65576171875 0.15997409326424872 0.025390625 0.06476683937823834
11 0.5068359375 0.13665803108808292 0.0302734375 0.023316062176165803
0 0.4287109375 0.6819948186528497 0.06005859375 0.07577720207253887
6 0.48095703125 0.7137305699481865 0.04541015625 0.04727979274611399
2 0.50927734375 0.6651554404145078 0.021484375 0.06541450777202072
4 0.39111328125 0.17616580310880828 0.02880859375 0.044689119170984455
0 0.70849609375 0.6314766839378239 0.05859375 0.08484455958549222
3 0.7080078125 0.30440414507772023 0.1015625 0.10621761658031088
3 0.37158203125 0.22085492227979275 0.11376953125 0.08031088082901554
0 0.203125 0.20401554404145078 0.0703125 0.044689119170984455
9 0.2607421875 0.49870466321243523 0.0224609375 0.03044041450777202
13 0.49658203125 0.6003886010362695 0.03125 0.03950777202072539
10 0.66455078125 0.21178756476683938 0.01611328125 0.03173575129533679
8 0.66015625 0.19041450777202074 0.03076171875 0.06217616580310881
5 0.48681640625 0.1645077720207254 0.0751953125 0.01878238341968912
5 0.4326171875 0.40867875647668395 0.07666015625 0.020077720207253884
7 0.59716796875 0.14378238341968913 0.03466796875 0.06023316062176166
12 0.58837890625 0.1489637305699482 0.0244140625 0.03367875647668394
7 0.3271484375 0.6884715025906736 0.03076171875 0.06088082901554404