3 0.4423828125 0.6761658031088082 0.12060546875 0.07642487046632124
9 0.40478515625 0.16580310880829016 0.02197265625 0.029145077720207253
4 0.234375 0.27461139896373055 0.04150390625 0.01878238341968912
7 0.486328125 0.6658031088082902 0.05859375 0.04598445595854922
10 0.45068359375 0.2966321243523316 0.0146484375 0.033031088082901554
4 0.55322265625 0.5356217616580311 0.03857421875 0.01683937823834197
6 0.43798828125 0.5816062176165803 0.0244140625 0.06282383419689119
12 0.359375 0.6373056994818653 0.03125 0.023963730569948185
7 0.455078125 0.555699481865285 0.03857421875 0.06023316062176166
12 0.45068359375 0.22862694300518135 0.017578125 0.03626943005181347
9 0.25830078125 0.5848445595854922 0.021484375 0.02266839378238342
9 0.23486328125 0.3225388601036269 0.021484375 0.029792746113989636
8 0.32470703125 0.5200777202072538 0.0205078125 0.07124352331606218
3 0.2431640625 0.3024611398963731 0.119140625 0.029145077720207253
8 0.26220703125 0.530440414507772 0.01708984375 0.06800518134715026
13 0.4814453125 0.23898963730569947 0.01513671875 0.04145077720207254
6 0.5087890625 0.8257772020725389 0.04541015625 0.03562176165803109
4 0.466796875 0.7538860103626943 0.0458984375 0.02849740932642487
8 0.41357421875 0.38471502590673573 0.04052734375 0.05181347150259067
11 0.30859375 0.5168393782383419 0.02001953125 0.04145077720207254
7 0.53125 0.5168393782383419 0.06494140625 0.029145077720207253
10 0.28173828125 0.280440414507772 0.025390625 0.027202072538860103
7 0.40771484375 0.4954663212435233 0.0517578125 0.038860103626943004
12 0.306640625 0.21502590673575128 0.017578125 0.04145077720207254
11 0.287109375 0.6094559585492227 0.02783203125 0.03044041450777202
13 0.5009765625 0.844559585492228 0.02490234375 0.03173575129533679
1 0.4208984375 0.6191709844559585 0.0322265625 0.04209844559585492
4 0.251953125 0.6366580310880829 0.03515625 0.03756476683937824
9 0.275390625 0.3225388601036269 0.02197265625 0.027849740932642485
6 0.5791015625 0.4993523316062176 0.05419921875 0.020077720207253884
1 0.42333984375 0.5110103626943006 0.03125 0.04145077720207254
6 0.50439453125 0.802461139896373 0.04443359375 0.04339378238341969
3 0.4921875 0.7266839378238342 0.05029296875 0.15997409326424872
11 0.6611328125 0.6904145077720207 0.01904296875 0.04015544041450777
3 0.5322265625 0.8205958549222798 0.0400390625 0.15349740932642486
10 0.5341796875 0.5466321243523317 0.025390625 0.025259067357512953
2 0.5498046875 0.6282383419689119 0.04541015625 0.054404145077720206
1 0.43896484375 0.8639896373056994 0.03125 0.04209844559585492
5 0.50537109375 0.602979274611399 0.07275390625 0.06411917098445596
0 0.55078125 0.5887305699481865 0.05029296875 0.08937823834196891
2 0.46875 0.7227979274611399 0.04541015625 0.054404145077720206
11 0.587890625 0.32966321243523317 0.01953125 0.03950777202072539
12 0.578125 0.522020725388601 0.02880859375 0.031088082901554404
0 0.3408203125 0.5129533678756477 0.02001953125 0.10038860103626943
2 0.34326171875 0.33743523316062174 0.04541015625 0.05181347150259067
5 0.3935546875 0.42422279792746115 0.05908203125 0.0783678756476684
0 0.5380859375 0.7551813471502591 0.04931640625 0.09067357512953368
2 0.3740234375 0.23316062176165803 0.04248046875 0.056347150259067356
0 0.44091796875 0.2033678756476684 0.07177734375 0.05958549222797927
1 0.2822265625 0.4851036269430052 0.02587890625 0.03821243523316062
5 0.52978515625 0.602979274611399 0.048828125 0.08678756476683938
10 0.55419921875 0.522020725388601 0.0244140625 0.020077720207253884
8 0.24560546875 0.2869170984455959 0.05078125 0.022020725388601035
13 0.5263671875 0.5744818652849741 0.0283203125 0.02849740932642487
13 0.4404296875 0.7551813471502591 0.0205078125 0.03626943005181347